2.115340822155729494e+00 4.963467651115862189e+00 8.150226213193345615e+00 1.129111033318564061e+01 1.494841117898935501e+01 1.958617799802805948e+01 2.281558989525482772e+01
3.972247483740073193e+00 4.284684100957737662e+00 4.000620125786731762e+00 4.049952606673189237e+00 4.550429798244587154e+00 5.281788689445276574e+00 5.660522362392255147e+00
3.411215284354738309e+00 4.628234001685660459e+00 3.874624250590778640e+00 3.754018789329427896e+00 4.170582794127819959e+00 4.799579229063858143e+00 5.091718602137045302e+00
3.522300947397966286e+00 4.248764434606761675e+00 3.432085335992948405e+00 3.447111483941380339e+00 3.841547315141363494e+00 4.459238516277504338e+00 4.714326056263111298e+00
1.227607592520192137e+00 2.912453118214824332e+00 7.385088687560630305e+00 1.596705408232720380e+01 2.827868093637733438e+01 4.321576140524870624e+01 5.488419446877033891e+01
4.793115442559580330e+00 6.966965078548477130e+00 7.144879522469842925e+00 7.859647282892784581e+00 9.585635469954556953e+00 1.182183449679811460e+01 1.302374936041785602e+01
1.143065489667004941e+00 3.506538790408715744e+00 8.794538076414633920e+00 1.736050185235318111e+01 2.794782209284459995e+01 4.076561423705596354e+01 5.008040876569434374e+01
1.256400192240006763e+00 3.446428238068533823e+00 8.966708377475990588e+00 1.901926099874646781e+01 3.249088663155068701e+01 4.879419767562477972e+01 6.085095842702514091e+01
5.065068936765991126e+00 7.788757263642080098e+00 8.339750254967700727e+00 9.517496494189698453e+00 1.194459564931253048e+01 1.501890298047704242e+01 1.654643592549400921e+01
1.636321692292181273e+00 1.413430158313586871e+00 1.363505705190251716e+00 1.396335559998800990e+00 1.556726380372348340e+00 1.788793186850648809e+00 1.813720659702550586e+00
1.747469387594485779e+00 5.225398045067930930e+00 1.114643597344240256e+01 1.930862011346213336e+01 2.926321241431340781e+01 4.141154985433622215e+01 4.928314440443499223e+01
4.404215900476108558e+00 8.539874187757694912e+00 1.016653701041107283e+01 1.111060094961188938e+01 1.419000690110532403e+01 1.776292835504638745e+01 1.929178953432697341e+01
3.357874947273707722e+00 3.260274265690565443e+00 3.133575979346612694e+00 3.284761457449339339e+00 3.850047397434740226e+00 4.492551855188708920e+00 4.609103631903496812e+00
5.727411700492693214e+00 1.022915774740310368e+01 1.917463293598032692e+01 3.246807478452358708e+01 5.443664401777844830e+01 8.576173396091853363e+01 1.123712365654958347e+02
1.470756359724644469e+00 4.529579605515965390e+00 1.118011980859378163e+01 2.196928464109216250e+01 3.554703508203720475e+01 5.186475513136900162e+01 6.274251972227823160e+01
3.020310160392248200e+00 7.395013006410928291e+00 1.225852781346347697e+01 1.807008583124417100e+01 2.561645132990865292e+01 3.476689100140114164e+01 3.991592928709771115e+01
3.009243458039625008e+00 2.942590740916683156e+00 2.807578823876907936e+00 2.957600734136697884e+00 3.457549559413198637e+00 4.005380708984081828e+00 4.082635764228826680e+00
3.560916366862131532e+00 6.675440570445204891e+00 1.386799356448742593e+01 2.680684062743108953e+01 4.855760540860256924e+01 7.705677995859589657e+01 9.959996808528208589e+01
1.492181349492881504e+00 4.573532635770741983e+00 1.135873711867665570e+01 2.250764381648076906e+01 3.665810173346405776e+01 5.362227482799884370e+01 6.488858280941838075e+01
3.909720113663851748e+00 8.486872596776747102e+00 1.232723842630337074e+01 1.694735105607971803e+01 2.337916564013569243e+01 3.097388464639440286e+01 3.484106701257791627e+01
3.304380927956347413e+00 6.302523078816434143e+00 1.348240988057362877e+01 2.666669118963516638e+01 4.858445806213082108e+01 7.686532078802375167e+01 9.883831341287864802e+01
4.865768275280430544e+00 9.071059354874355662e+00 1.154730342002080512e+01 1.479967604380126112e+01 1.975336465241328554e+01 2.551730462001207655e+01 2.815348083305819316e+01
5.293431821739202903e+00 7.720865715665435225e+00 6.900324363463103516e+00 7.668711474562372565e+00 9.416721204754677998e+00 1.120545852894446170e+01 1.166381685180256333e+01
5.980968746087954813e+00 8.612212668687629247e+00 8.798304398209511490e+00 1.037809114416353928e+01 1.316491909221512735e+01 1.613877799647843503e+01 1.715206207019899409e+01
5.383025598880800899e+00 9.319260646146787508e+00 1.112614726064604653e+01 1.389110587519014928e+01 1.828473181029752581e+01 2.324303590524575469e+01 2.529513531178485763e+01
5.929197702290848859e+00 9.066272750716075635e+00 9.639272537185991752e+00 1.155990625206164601e+01 1.482880955424342240e+01 1.835212513548061608e+01 1.961339645318793856e+01
2.167682572914218841e+00 3.289765863433466553e+00 3.394208546362736278e+00 2.927732046904227392e+00 3.166672670872094475e+00 3.406183266604843052e+00 3.327593348081176128e+00
4.556775900281293090e+00 9.220608812820604072e+00 1.258558623555478739e+01 1.693011283316268845e+01 2.303659425393440330e+01 2.996617159663217578e+01 3.311106414756595484e+01
6.064542271192455480e+00 7.591514611566941184e+00 7.397392039892563886e+00 8.611699676693509886e+00 1.066946660423046289e+01 1.281181751996791363e+01 1.338900682053084701e+01
6.055032748713122359e+00 8.489696728338213205e+00 8.033472860684964800e+00 9.465187674154389441e+00 1.184923575687175479e+01 1.426848677964451895e+01 1.495974574903635279e+01
6.161121834603441982e+00 8.435428930020124838e+00 8.411151440209888364e+00 9.924767936995404938e+00 1.249213295705079041e+01 1.510845704840041570e+01 1.589152259159703995e+01
4.263299691858483342e+00 7.861709205482817708e+00 1.596155262879690007e+01 3.012582929046161340e+01 5.427597908366572454e+01 8.633636358454484139e+01 1.114048456222825649e+02
3.170347310704429322e+00 7.995676963868852738e+00 1.362637291513048687e+01 2.073515892202755495e+01 2.987781242828728168e+01 4.028525808302898525e+01 4.570003129661343877e+01
1.648144582477418352e+00 5.029295174304548866e+00 1.250081407773005182e+01 2.486428048393380053e+01 4.077716786910728786e+01 5.949266655440100493e+01 7.145674459335351969e+01
5.168589352804088044e+00 9.196561482181703440e+00 9.538111713416849824e+00 1.037649838083026133e+01 1.311485291244663820e+01 1.562742293183755926e+01 1.631509918164975304e+01
4.862056197127635038e+00 9.676888248788872104e+00 1.287163168530889656e+01 1.721976019837644500e+01 2.340510144498123424e+01 3.007236400004813959e+01 3.292325351051805882e+01
1.831468813343238633e+00 1.837643991204550797e+00 1.757061196608669107e+00 1.879908033240361265e+00 2.149185881919581487e+00 2.377736971200024474e+00 2.398235194032587891e+00
3.315314844321660903e+00 2.863673276822761515e+00 2.815687464676499996e+00 3.008607123650335780e+00 3.506511059366290706e+00 3.888349811175686455e+00 3.933488770630518605e+00
2.586785504102142585e+00 2.604512028773655619e+00 2.499119272242980916e+00 2.704686655825694341e+00 3.144735936258947095e+00 3.489430271248020521e+00 3.539000161837086988e+00
4.315618971975126783e+00 9.623721109446981004e+00 1.382273282935260639e+01 1.938708208519620513e+01 2.686092739910268534e+01 3.487074933892296968e+01 3.844608788812008981e+01
8.054597202360101349e+00 1.437631729013380344e+01 2.642565302773813229e+01 4.320966108583655796e+01 6.958270919499663876e+01 1.076768555312772406e+02 1.400492295939000655e+02
3.870020958641745779e+00 9.348902223939818512e+00 1.425487906530375959e+01 2.029043949453591722e+01 2.842544525361551777e+01 3.717468931709478142e+01 4.117644978918316667e+01
3.861386022906490467e+00 9.449377406235020871e+00 1.453673012437338308e+01 1.920345495451999085e+01 2.628493412029843768e+01 3.374197126670659230e+01 3.692433033951417798e+01
2.074049274882216576e+00 6.385509667062582828e+00 1.400639839878864201e+01 2.517768440843001443e+01 3.911450548713717268e+01 5.484145232390687141e+01 6.379564759882492808e+01
2.139371083113454031e+00 6.529852392084223744e+00 1.414844076217732827e+01 2.517435751666650745e+01 3.893655949373192726e+01 5.441269687837550606e+01 6.311896655559305458e+01
4.714420630243202126e+00 7.660075774320955766e+00 7.293190540374108188e+00 7.514075081776584675e+00 9.053296299657416668e+00 1.014025428798103690e+01 1.040189352678760493e+01
1.780406920038658969e+00 5.415795736363017809e+00 1.346272759387825957e+01 2.687396500082685336e+01 4.402016666411336843e+01 6.380141257391547072e+01 7.591456313831726277e+01
4.969638040918036737e+00 1.021135347375310509e+01 1.385420111628012130e+01 1.893397044135335605e+01 2.590880228667970542e+01 3.298516129047705192e+01 3.595592938481594558e+01
5.967488417757054187e+00 1.051853541462135233e+01 1.087518929307729820e+01 1.297005492451869735e+01 1.666550599276454037e+01 1.982605959878728896e+01 2.090924767355837233e+01
3.450316455184747610e+00 3.234324259612466168e+00 2.785083418001744082e+00 3.111929353970059431e+00 3.547366122033063451e+00 3.819797407135008260e+00 3.884200384799979311e+00
2.462853916286714906e+00 5.514638711151647499e+00 1.351332793552468026e+01 2.902291162594728391e+01 5.204463739540284450e+01 7.975657048381904701e+01 9.869172790481744073e+01
5.404715399244619967e+00 5.337145771044959908e+00 5.152296230099792318e+00 5.864123158522053458e+00 7.039909170269981864e+00 7.820883379917157541e+00 8.075795285370265475e+00
5.672144323933400401e+00 6.184446003391441238e+00 6.010816614209837816e+00 6.901106939882727609e+00 8.359164566512749417e+00 9.401182437399077330e+00 9.744393392981324453e+00
3.398142613214387264e+00 8.825999615163537371e+00 1.527118269318434685e+01 2.378320718183334037e+01 3.443766531077255877e+01 4.573624708742477196e+01 5.111521477531727697e+01
9.186396071528955432e+00 1.642416150156576293e+01 3.007542011694976125e+01 4.864116093805347418e+01 7.687004441108733488e+01 1.175052332821164072e+02 1.519895011455496672e+02
1.951230033753400095e+00 6.053815628102603874e+00 1.440865921461296750e+01 2.761824879368975516e+01 4.428685557238183890e+01 6.294003186032656316e+01 7.368656724092893739e+01
6.841705212931335822e+00 9.820877327838070769e+00 9.725739366451163548e+00 1.181929292815186727e+01 1.498647269370997392e+01 1.745897471011280189e+01 1.838764326584291453e+01
4.069464807951915120e+00 9.739114787744899360e+00 1.530524536434111305e+01 2.262442047609168938e+01 3.201551169650594630e+01 4.156489925751672843e+01 4.591425508879363804e+01
1.900331433760281907e+00 5.547311209420501932e+00 1.407384876132832652e+01 2.877546741347778791e+01 4.796968609121314842e+01 6.980648986335043560e+01 8.299446310304173835e+01
1.970930913392239692e+00 6.109038233560276865e+00 1.470207509780751209e+01 2.834250018548663874e+01 4.562404041577808300e+01 6.473415464307511513e+01 7.569504003995119490e+01
6.408786454158033941e+00 7.315932995222767410e+00 7.113889964865355076e+00 8.379110580117226093e+00 1.020477057875618776e+01 1.145098949466949811e+01 1.199104384278385460e+01
5.250380522529677130e+00 1.113856840929657643e+01 1.452730224924211022e+01 1.969460794173505391e+01 2.676900931773187153e+01 3.328781707712271043e+01 3.604919934905218781e+01
2.539284484357093419e+00 7.582073345965375744e+00 1.566366889291021813e+01 2.686148638893954299e+01 4.083638914639742978e+01 5.567362925914496685e+01 6.335054754723707049e+01
5.313639876956773200e+00 7.765166266802275175e+00 6.810285198993609512e+00 7.468902443499942478e+00 8.887329263833025905e+00 9.677269682930193184e+00 1.010003123623874721e+01
5.785739284124673532e+00 1.121741111935319246e+01 1.430801775784341601e+01 1.922883734565497704e+01 2.600530313931869131e+01 3.201203692859788674e+01 3.461288049759290431e+01
3.803922349354780685e+00 9.590758798572791122e+00 1.596914518775093583e+01 2.441247358881595986e+01 3.501809015996932573e+01 4.558969284800365784e+01 5.055785900661210519e+01
6.449708157703583744e+00 6.958403769159240859e+00 6.768792830293949514e+00 7.926402261258107096e+00 9.589508017469132284e+00 1.063510259805618929e+01 1.117278352738379965e+01
1.992033661802020905e+00 6.037334596092372330e+00 1.487242036675970880e+01 2.961100419051297550e+01 4.844053466143827791e+01 6.932097461190478782e+01 8.132317149986398874e+01
5.127179525875109611e+00 5.327408912264577800e+00 5.267841509625055707e+00 5.951202988554205042e+00 7.096689618409993905e+00 7.715112752398646911e+00 8.106891505846402168e+00
3.113545326114415257e+00 8.666029147385783560e+00 1.627205708669848860e+01 2.656584055582544579e+01 3.935789787481315471e+01 5.236522476610668519e+01 5.877326983869936328e+01
5.558770177579147820e+00 5.900589659248405283e+00 5.794281494127528909e+00 6.627797951901428952e+00 7.929436168367714366e+00 8.648188581299972810e+00 9.111133098168000544e+00
2.442234789234849490e+00 5.804244435197671415e+00 1.458790340894411131e+01 3.137118942244503828e+01 5.535274612794777482e+01 8.322141443620898826e+01 1.010870266103532487e+02
7.224872605430747718e+00 1.103019643358720181e+01 1.165874970356986573e+01 1.450256630106444966e+01 1.851657086302800437e+01 2.145576581213735068e+01 2.296566428184173603e+01
7.075693475438829871e+00 1.016775892290963235e+01 9.596857765781493299e+00 1.164873385654509796e+01 1.443564865194540836e+01 1.629077628100626640e+01 1.732844088068075195e+01
5.351386860627199482e+00 9.776180226729938028e+00 1.955835906324083950e+01 3.641363771430870599e+01 6.524441341062068034e+01 1.034934642193323526e+02 1.323402227195896614e+02
7.349280157945896619e+00 1.050206220312938399e+01 1.084519507078741718e+01 1.338622167366235338e+01 1.685933214749310238e+01 1.926776273914300575e+01 2.061106480398759544e+01
6.495735499225096632e+00 7.212563368852481283e+00 7.127629778619877676e+00 8.320705678212370060e+00 1.000799681942616282e+01 1.098817958709770082e+01 1.168039790556302648e+01
2.807310362660405900e+00 6.216686364935968712e+00 1.522666408773693014e+01 3.258861496941921843e+01 5.818788784276586057e+01 8.828314244788597875e+01 1.077824523141014907e+02
2.113433833228300696e+00 5.957944517593569245e+00 1.522619850069499137e+01 3.154246592105641156e+01 5.288898275750700151e+01 7.659339689094757375e+01 9.043276974602038365e+01
3.569795135460972713e+00 7.109382705591602125e+00 1.619515825644679197e+01 3.358093010601563577e+01 6.103840585429715304e+01 9.455312424422614015e+01 1.175070718019246812e+02
2.796637121046604779e+00 8.205176614238292032e+00 1.698959562885713837e+01 2.910979967783898914e+01 4.407296475460259444e+01 5.916201309710419309e+01 6.684216352268607864e+01
5.205947631320886337e+00 1.137389728583772808e+01 1.644406709615631357e+01 2.338889617888114714e+01 3.209024832344956479e+01 3.984440887010022436e+01 4.367458248813307620e+01
7.558448126206502415e+00 1.073122145869213817e+01 1.106227903494514386e+01 1.362102917280200920e+01 1.703861810530183263e+01 1.930670297227122134e+01 2.078053558257690270e+01
2.409207921578727429e+00 5.990864819792795615e+00 1.530982676224291517e+01 3.269472031466052897e+01 5.664390003595769940e+01 8.389429396697390473e+01 1.004713213700927525e+02
7.609246613934887549e+00 1.360251397616882763e+01 2.555544755314732086e+01 4.348457584228242467e+01 7.340987481354866873e+01 1.158302230588845987e+02 1.498542003802919567e+02
7.153874210427344948e+00 1.104217223029982442e+01 1.062186805482984120e+01 1.281702492193047682e+01 1.580585393794687654e+01 1.765852300855823032e+01 1.901699101539811210e+01
4.031671572207212506e+00 7.813729421716729462e+00 1.720838175397084768e+01 3.491097205814276805e+01 6.345956163539113248e+01 9.887596469549957590e+01 1.233811689150033999e+02
7.207813440554683204e+00 1.147336665079789064e+01 1.126753009935199046e+01 1.374487411590228980e+01 1.703459080742909393e+01 1.911636015130778077e+01 2.064910992967156744e+01
2.901720179452737192e+00 8.694147849369032954e+00 1.796135430322762616e+01 2.933234223092387083e+01 4.318100505201248041e+01 5.662431666749197490e+01 6.338650418025860489e+01
3.144643739432427587e+00 8.992697902139392241e+00 1.768951463652717848e+01 2.953068483126641652e+01 4.398081312127271048e+01 5.801629336376440449e+01 6.513821047369876283e+01
6.874459396434819958e+00 1.228879604041794060e+01 1.510746257137445703e+01 2.000341771653127765e+01 2.621633240370870155e+01 3.103277644278836789e+01 3.386188354700917813e+01
7.467591059295115130e+00 1.214431149138269284e+01 1.331608690283209384e+01 1.693343968182202985e+01 2.150670612322992881e+01 2.472877789985478003e+01 2.693181774108268911e+01
7.768146346196094676e+00 1.119851345008708599e+01 1.177939617802486261e+01 1.464556130088125840e+01 1.817998567843212498e+01 2.045551847244974297e+01 2.227404989624858445e+01
2.459640388440690550e+00 7.475210902973562277e+00 1.720192140343363718e+01 3.188155553148713039e+01 5.002468166490483981e+01 6.857011140730320164e+01 7.836496088956600659e+01
6.034447615814936050e+00 1.228366951019557618e+01 1.663053678056848383e+01 2.305908380811079539e+01 3.093724336682862486e+01 3.735663670203935993e+01 4.103351440752035018e+01
7.673273838014489812e+00 1.191264292921579049e+01 1.297078352128871082e+01 1.630841270429812440e+01 2.050353094654883179e+01 2.333564731519177116e+01 2.548093902863681137e+01
7.767696512105146667e+00 1.182957848331194661e+01 1.249822148046824033e+01 1.560996666004662714e+01 1.947518209476784889e+01 2.197978548642291230e+01 2.401498150617973337e+01
5.381777624432659834e+00 9.908970740420993906e+00 2.016912774338690184e+01 3.825102202684819019e+01 6.873060268347056478e+01 1.084621961902904701e+02 1.372391354154438261e+02
3.189167127363917054e+00 6.862062762055460396e+00 1.654488434607425873e+01 3.510861958236060332e+01 6.266037909481357104e+01 9.498969468737938371e+01 1.153654895467928583e+02
3.935407040911928167e+00 7.783952471065484602e+00 1.753871037023149526e+01 3.603347315289654063e+01 6.521469448496209509e+01 1.007263890636995569e+02 1.244181392764014760e+02
6.753378870226304898e+00 1.216162644694281347e+01 2.348475823642205995e+01 4.167526427925957933e+01 7.265037818468222497e+01 1.150853744531984404e+02 1.475953417228163858e+02
7.890135734708224824e+00 1.211856097663877740e+01 1.292858802649775818e+01 1.627995494155866751e+01 2.016553699549330148e+01 2.269070342113894512e+01 2.495138947741519431e+01
5.216279860952197645e+00 1.201267042499977933e+01 1.810571319896994780e+01 2.639803088117386665e+01 3.611158747068320451e+01 4.430668135889681025e+01 4.912929009485589660e+01
3.849258078751162770e+00 1.035267091116464577e+01 1.862788219230062126e+01 2.966392613195389316e+01 4.270308482525280169e+01 5.461717914805542762e+01 6.102943528870508061e+01
7.848019197080856380e+00 1.252151939793727209e+01 1.407460598313743105e+01 1.794571845545146260e+01 2.251717292969001250e+01 2.558385146729278148e+01 2.824267116263238719e+01
4.314915508739219696e+00 8.386068175296314209e+00 1.839089791109518401e+01 3.715053413967392970e+01 6.725049585596343604e+01 1.042661554746214989e+02 1.292781668374353217e+02
5.018729590699491538e+00 1.185847670195374448e+01 1.847529558044511333e+01 2.731498211528336029e+01 3.771824934780384098e+01 4.643944793648662284e+01 5.164992133707742283e+01
5.001454991900746272e+00 1.190776513862704533e+01 1.862366935346515717e+01 2.760044906637313389e+01 3.808049554831005423e+01 4.683494663524520263e+01 5.214303408058866296e+01
2.411824643710318572e+00 6.663223273109778688e+00 1.702126700303853823e+01 3.527713499526542762e+01 5.900048382600036945e+01 8.464933243956781439e+01 9.908431704012309638e+01
3.364914883754881458e+00 9.663125834262057623e+00 1.897281636386596304e+01 3.159077382712419535e+01 4.651189790334052532e+01 6.032191359810909859e+01 6.787613241145237453e+01
2.737009083572517376e+00 6.696766221979918221e+00 1.692829665270850725e+01 3.601269838037139692e+01 6.225228932727748798e+01 9.158221639354064791e+01 1.088077075154538846e+02
8.135938631689420220e+00 1.239411481158130712e+01 1.345291686875736481e+01 1.701425966375758136e+01 2.097914504790014334e+01 2.348357578816032998e+01 2.604241621551147645e+01
8.030800063775796360e+00 1.285232414906475107e+01 1.380439850696175874e+01 1.754807424221404943e+01 2.171251218582005649e+01 2.434009259848409812e+01 2.701283856638054814e+01
2.388870936499745135e+00 7.008818811058527665e+00 1.766470148188698985e+01 3.548631156768741590e+01 5.794800058423725631e+01 8.152390894362224572e+01 9.450637103496195834e+01
7.129281535498735778e+00 1.326689124825809252e+01 1.686381256889763236e+01 2.269641614928146467e+01 2.938127414015374228e+01 3.425019306633426908e+01 3.808944817542090533e+01
3.208226823888018053e+00 7.133494533254558512e+00 1.736848929206719916e+01 3.683713442881133915e+01 6.513556856006523788e+01 9.760326386792242204e+01 1.174276135938897170e+02
8.106127879398055569e+00 1.297703197276625531e+01 1.464829801444471435e+01 1.867376404433158044e+01 2.319906715228723826e+01 2.611457730871947902e+01 2.912495114720167422e+01
7.829838346885878764e+00 1.325327397448979205e+01 1.567164920320013799e+01 2.032441927073752908e+01 2.564448251923943189e+01 2.923295376911591248e+01 3.260577638008441426e+01
2.479065931432518965e+00 6.871726550019893409e+00 1.757272774849029418e+01 3.631756510681815797e+01 6.066667726571296981e+01 8.674658299028864405e+01 1.014062777475662926e+02
2.427362191932922464e+00 7.186262574557246374e+00 1.805927238187687678e+01 3.609490357380686731e+01 5.882162072390115526e+01 8.235729716164259173e+01 9.533529256423499021e+01
6.461311372418255594e+00 1.330734380674225470e+01 1.826458073477295230e+01 2.538259660933222150e+01 3.339975130265589343e+01 3.948597432561444975e+01 4.413023396093189632e+01
5.324083084034088031e+00 9.984770467637243740e+00 2.067008447699010887e+01 3.984631127209893720e+01 7.172785824293920598e+01 1.121908578477050185e+02 1.402937147696138993e+02
2.513003649367023140e+00 7.740615082866004748e+00 1.873153614628321151e+01 3.586029820009846958e+01 5.690985668905349115e+01 7.787808369112438811e+01 8.940850602621920018e+01
8.355221332407461787e+00 1.500177507170387514e+01 2.812133374988044210e+01 4.761868314614328312e+01 7.995308046651133793e+01 1.257549860779956106e+02 1.617692480949781100e+02
2.733479573298131182e+00 6.963614685016710659e+00 1.765965482637695416e+01 3.721648537373438614e+01 6.380588863271760403e+01 9.266073042715058250e+01 1.092597479684145156e+02
2.497002990481084872e+00 7.661280698990993621e+00 1.876231744696734083e+01 3.629768123563800231e+01 5.793508646869695156e+01 7.962657133500071893e+01 9.159039926733986192e+01
4.605335245657016685e+00 8.946822047607076556e+00 1.953356906310131436e+01 3.918006682059092327e+01 7.071752347479788625e+01 1.091402402575826045e+02 1.345212080016930543e+02
5.572552656412473659e+00 1.302151458866579858e+01 1.960207124154698732e+01 2.836834044957485546e+01 3.817647541684256396e+01 4.594566780655328841e+01 5.161476119076986890e+01
3.399861186106512889e+00 7.491671136403318165e+00 1.814917341112452220e+01 3.823833075091057765e+01 6.764079536105387547e+01 1.010065529429640918e+02 1.211803447932092439e+02
5.611713639078741878e+00 1.044405708871567562e+01 2.144861808328142772e+01 4.089081008243099546e+01 7.333152871915059734e+01 1.147505016221793284e+02 1.435728993930344473e+02
2.571613865199998461e+00 7.114528192488774216e+00 1.818702743005544775e+01 3.752612435244232358e+01 6.270063084323918901e+01 8.909030085574569569e+01 1.040520650190896532e+02
5.474760333625987130e+00 1.297991082447994238e+01 2.007335848497789144e+01 2.925819721486611158e+01 3.955277003569816685e+01 4.761900388928354033e+01 5.369596486318222617e+01
2.869052191828726173e+00 8.877489026030007224e+00 1.995980963866395186e+01 3.570869048469558749e+01 5.458992945139278419e+01 7.211586777084158939e+01 8.225955098830682743e+01
6.931596354491964540e+00 1.257998254179223530e+01 2.449337614886186643e+01 4.392298152351084184e+01 7.692252035169850899e+01 1.212922159809875922e+02 1.539550383344848399e+02
2.543947072621001837e+00 7.518688039901575415e+00 1.893928506016679236e+01 3.760357325023968400e+01 6.126081725461508398e+01 8.486077081897032315e+01 9.827930662579706222e+01
5.838628763871564153e+00 1.083346985386984329e+01 2.204668351587048036e+01 4.169459041723324333e+01 7.462759181068257419e+01 1.167194567313114533e+02 1.460889293960117072e+02
5.124839150043131397e+00 1.292214840201442705e+01 2.073670841777252249e+01 3.037005692724249784e+01 4.138079767867162673e+01 4.985548050195030356e+01 5.646018769197939235e+01
5.578008084137171529e+00 1.322404927347451498e+01 2.046728776702437713e+01 2.973697212158714720e+01 4.007932467851870939e+01 4.798615423028229543e+01 5.437570048890295737e+01
2.799840765517651597e+00 8.666921074405909309e+00 2.014601915599807214e+01 3.676473611350376558e+01 5.684126476211350365e+01 7.551373188239766421e+01 8.649951818350005794e+01
7.625086999489911754e+00 1.418965911983115369e+01 1.822114192449486936e+01 2.434455026262315513e+01 3.075643895575623077e+01 3.530556170856301179e+01 4.007778742997475518e+01
2.767755141692397114e+00 8.492710179337347398e+00 2.016283081866346905e+01 3.741010475826492154e+01 5.823085425311733587e+01 7.774037011190937108e+01 8.929263537457792665e+01
2.896413146294898322e+00 7.321701245496822885e+00 1.862924109275575546e+01 3.897298332865634762e+01 6.640157544892753094e+01 9.527485528625426525e+01 1.121000252771826098e+02
5.182708906185609976e+00 9.846846651558267993e+00 2.095785376116756993e+01 4.125874614714228272e+01 7.423863932551655864e+01 1.145081324900768180e+02 1.413342640859299593e+02
3.344289542974444807e+00 1.004591780436582660e+01 2.120920885759769803e+01 3.602618400039537505e+01 5.325971914685020892e+01 6.813906031224705373e+01 7.780467479342793524e+01
5.372531902490250921e+00 1.310007322031840182e+01 2.106297642843776075e+01 3.107132964931501462e+01 4.205719683379065543e+01 5.052642176391960049e+01 5.746716068641190134e+01
2.668415890377053845e+00 7.610395300704069221e+00 1.938481005616727870e+01 3.901172101388012692e+01 6.378552377132069040e+01 8.836083521702168753e+01 1.026650618505318562e+02
5.950184127327787564e+00 1.102783714616003685e+01 2.245818121073887497e+01 4.259250415304841653e+01 7.618243768066915322e+01 1.186513227644291959e+02 1.479994451518420817e+02
2.839581153261508284e+00 7.438947728765314515e+00 1.900085512379934372e+01 3.944285812681309977e+01 6.643638140623276911e+01 9.415603461622220038e+01 1.103157504113013800e+02
5.515166602720021238e+00 1.381111889822934380e+01 2.156033148752427309e+01 2.919833015157784217e+01 3.805089728788509973e+01 4.446860641900838118e+01 5.077137274976394110e+01
4.665721417056410303e+00 9.141455772772921762e+00 2.028379527784002079e+01 4.105705702162594406e+01 7.383930089813635789e+01 1.123043370323863428e+02 1.370339485800116677e+02
7.372226259101793744e+00 1.447143696044846806e+01 1.946475652132044942e+01 2.655977402325988734e+01 3.384499443777473005e+01 3.904153693124033708e+01 4.461664768446576801e+01
3.134931128808110312e+00 9.674455319448895807e+00 2.165134297133383612e+01 3.734689571819794907e+01 5.589855747736425684e+01 7.184875711789391062e+01 8.240983227790670185e+01
5.036170936604359660e+00 1.286784653921625754e+01 2.185458297030656993e+01 3.294272624926583859e+01 4.514906375896054413e+01 5.454872680910229832e+01 6.239469213962207306e+01
5.937943710148269716e+00 1.384613118033656853e+01 2.126768855703136296e+01 3.068128322047151713e+01 4.070709558798778005e+01 4.820209519691835709e+01 5.516157233136875959e+01
3.534759202207477635e+00 1.051335812859666419e+01 2.199967748562250947e+01 3.678366188093359312e+01 5.401302309130041834e+01 6.841020905201312985e+01 7.844774619390081227e+01
6.137552500171204350e+00 1.419739172181188280e+01 2.131345922836391082e+01 3.041562618200159918e+01 4.002390651138392030e+01 4.720871714500459859e+01 5.411022252487892104e+01
3.413506603869733702e+00 1.028026877090697511e+01 2.197772497684650261e+01 3.720193613434537383e+01 5.508713575354979497e+01 7.014922187001393183e+01 8.050181404586066947e+01
3.061838045551782184e+00 9.458499669347292027e+00 2.163134589620754511e+01 3.845559292290229081e+01 5.844798210851922704e+01 7.597077110499235175e+01 8.738974558077016752e+01
2.845179215322293231e+00 7.724513484804392149e+00 1.982873593224664788e+01 4.033938213081490431e+01 6.699023480253346463e+01 9.336172653360166862e+01 1.090607753215377898e+02
4.299875548691756144e+00 8.754366505101073059e+00 2.015216807211428218e+01 4.146714049454636353e+01 7.398664061599377817e+01 1.107534020995079516e+02 1.337050613010888185e+02
6.141133153779267495e+00 1.436098976225350121e+01 2.158040040428983986e+01 3.092385667122376702e+01 4.064706405018417001e+01 4.788835544011421064e+01 5.504237803225942116e+01
7.271954364399140225e+00 1.497035495975940833e+01 2.029730530653298715e+01 2.784002582419898175e+01 3.532641475660669528e+01 4.081105555485662961e+01 4.695354564808339148e+01
4.095758597617442653e+00 8.555177611682637462e+00 2.007536103923101223e+01 4.156308407382133652e+01 7.378524037752679021e+01 1.095093646316742877e+02 1.315281162172132952e+02
3.380922887013493749e+00 7.934835900075301929e+00 1.978417201177794738e+01 4.126255355514209811e+01 7.141647391864445638e+01 1.027829335414351277e+02 1.215921634279412302e+02
2.821155200243109284e+00 8.695639682194528319e+00 2.125699485977247249e+01 3.992451116525388244e+01 6.285833348696032630e+01 8.350868928781927991e+01 9.659382508762044495e+01
3.483266624615740881e+00 1.067547722812817668e+01 2.251021748438168757e+01 3.787449044685973121e+01 5.581240071647430767e+01 7.039800925725238301e+01 8.105737292450457687e+01
4.870527804235910807e+00 1.312666965607338909e+01 2.276937986368726996e+01 3.465201920606782693e+01 4.767140628759931076e+01 5.748455548206300136e+01 6.623894919152776595e+01
1.015588044878470519e+01 1.821364018598644563e+01 3.361403036752270879e+01 5.528369412275470296e+01 8.965229912810221435e+01 1.389286667871055272e+02 1.782553955026125436e+02
2.982304001179039599e+00 7.876683690297179297e+00 2.022591745171832756e+01 4.135662732927717400e+01 6.942937391434476524e+01 9.706200613853084747e+01 1.137663966030512483e+02
6.889311921595694166e+00 1.512949093004455037e+01 2.143785669493128054e+01 2.982059436930734719e+01 3.815294998082953271e+01 4.421626039801005703e+01 5.113779635281928648e+01
4.704643958681686833e+00 1.295203444032081741e+01 2.303847610782750621e+01 3.541484317689787531e+01 4.898399717808347731e+01 5.921894160177742350e+01 6.834309224798980154e+01
7.045242678913582246e+00 1.283366693990380547e+01 2.524184122514587969e+01 4.596786456939520349e+01 8.104215351142553914e+01 1.265546649633333658e+02 1.585213263743608536e+02
3.895794035199471317e+00 8.492123553011738935e+00 2.044496018315755137e+01 4.233880928361823948e+01 7.439569111547143621e+01 1.088342927842504508e+02 1.296855368774149326e+02
2.889832829977234674e+00 8.193005711236898136e+00 2.093172375621414361e+01 4.162894757493205589e+01 6.808408720384697688e+01 9.319485312764344087e+01 1.086894904256811287e+02
3.230466046865846153e+00 8.064789880019048951e+00 2.042642460938922611e+01 4.210847001125848266e+01 7.153393887890293001e+01 1.011548239916362206e+02 1.190502083727822935e+02
6.208694774576392739e+00 1.154199970773191453e+01 2.360442490212082589e+01 4.476106334980894275e+01 7.993548750306311490e+01 1.234741845015526138e+02 1.526496189018708094e+02
2.858807462475918548e+00 8.634279845409874810e+00 2.164734885153706045e+01 4.154430904592609153e+01 6.616495523176506310e+01 8.849896144958431421e+01 1.029513872772952254e+02
2.898337965657156179e+00 9.015908247529399233e+00 2.210021133387446568e+01 4.125723967310258189e+01 6.455336742889305413e+01 8.511653710033668574e+01 9.883027007460164270e+01
2.905667767817031510e+00 8.442279673096317438e+00 2.141054363220149881e+01 4.218546631817154946e+01 6.828624989714531068e+01 9.276615734200574082e+01 1.082109280708945249e+02
4.185615242952190229e+00 1.232245950930882472e+01 2.373967884589528055e+01 3.775807323174826990e+01 5.323007895055204841e+01 6.523773513929683077e+01 7.563512505426994892e+01
5.272170860181899954e+00 1.405077686470589526e+01 2.366980496015639091e+01 3.528563299086387417e+01 4.752662411272144283e+01 5.668620358556137262e+01 6.587835483405800119e+01
3.464343004198555231e+00 8.366456027794358263e+00 2.081395323840501277e+01 4.297850550185724217e+01 7.351731042966896723e+01 1.047295429253372987e+02 1.236870665816764046e+02
3.492410770061501690e+00 1.102385586868009071e+01 2.367413514076567793e+01 3.987173632514789290e+01 5.843251963861467146e+01 7.346798389664914453e+01 8.528841791754157953e+01
6.656639566399788599e+00 1.226922228990087760e+01 2.467479612971800051e+01 4.590261283182345409e+01 8.160016149043937617e+01 1.265249235950687563e+02 1.568674630616708328e+02
3.043236026861873000e+00 9.967871005476187207e+00 2.345223713693531664e+01 4.119498269340340357e+01 6.207998797106050404e+01 7.945773339493021581e+01 9.238218594134590944e+01
3.089373322479316730e+00 8.370811544692687178e+00 2.134505587296794360e+01 4.293653608722048176e+01 7.113744671449462942e+01 9.815992794777069719e+01 1.150610290063501395e+02
6.806851019114944279e+00 1.252467332621001184e+01 2.504216170994350321e+01 4.633447949489008977e+01 8.219344620855804351e+01 1.275230076630962373e+02 1.582857409452435320e+02
3.977349380378910837e+00 8.795751579758061212e+00 2.114931326835608516e+01 4.363987316754378298e+01 7.629912310931375430e+01 1.106836054895279204e+02 1.316873415001265926e+02
2.996270273195140721e+00 9.534202879075309056e+00 2.300421405975423994e+01 4.215129048792559985e+01 6.495532545532752522e+01 8.462347182988931138e+01 9.856273036244901675e+01
4.119368437779011849e+00 1.243995390734345463e+01 2.442275833519421369e+01 3.911123812876122940e+01 5.509766255464811735e+01 6.751954615321069753e+01 7.871948582759641511e+01
3.460422667906104532e+00 1.103002717052332038e+01 2.403595755175791737e+01 4.088185197208908761e+01 5.989990229538675237e+01 7.537135881515889935e+01 8.779565599677773946e+01
3.700738216992538021e+00 1.159040795479215724e+01 2.431244426049875074e+01 4.031202253401328051e+01 5.815953968690099174e+01 7.237919301141587880e+01 8.436639708354961442e+01
3.077129553038067566e+00 9.696765820297772009e+00 2.330290822888110824e+01 4.262208062253564123e+01 6.552237868871674209e+01 8.526303127037250817e+01 9.944282047090531762e+01
5.060903968547221687e+00 1.002690790145956257e+01 2.226011197768065841e+01 4.463372298235491087e+01 7.957869055783076817e+01 1.191672659153589535e+02 1.438988945759714966e+02
5.777919901540735204e+00 1.496950041054863512e+01 2.425915312958429126e+01 3.539267934711067909e+01 4.661687299390363393e+01 5.512846077181426097e+01 6.446041010585589959e+01
3.767571728797094011e+00 1.178414885619088359e+01 2.461089819370599940e+01 4.075080206861623822e+01 5.858842244878048433e+01 7.276002800979797769e+01 8.502165169410370993e+01
1.084364804139205241e+01 1.950267154837245798e+01 3.590413901929548501e+01 5.867296973261165505e+01 9.411766031983491132e+01 1.449766101657681361e+02 1.853875987170119402e+02
3.635999751889805953e+00 1.149953854014277788e+01 2.453343094983072348e+01 4.126126324085183938e+01 5.981551509235892894e+01 7.468192796285657664e+01 8.730708171289077768e+01
5.632545104731259578e+00 1.079469887192964173e+01 2.319448350350567267e+01 4.556180810873350140e+01 8.127651752243079386e+01 1.230043855785723679e+02 1.495648290821999069e+02
3.049477679261427543e+00 9.152685456599090941e+00 2.285161805405413915e+01 4.384419313753728886e+01 6.934301033547345128e+01 9.210723386593846840e+01 1.077987649579938818e+02
3.907843071770458199e+00 8.865641490390803625e+00 2.166008501862944513e+01 4.465742674893652975e+01 7.701955098106829212e+01 1.102788687269371337e+02 1.308226470274235567e+02
3.225068676496259723e+00 1.027999030875203346e+01 2.409775409699224014e+01 4.309829119600483693e+01 6.486590920311080311e+01 8.314232478345903132e+01 9.730444194379471412e+01
3.506165851076339823e+00 1.120663199751915151e+01 2.466651755106751764e+01 4.214363272349364564e+01 6.156463576647170299e+01 7.732561220368135935e+01 9.055560278066069202e+01
4.000188216657805995e+00 1.231207567454584151e+01 2.511049740780380901e+01 4.086659445751231345e+01 5.779579441622651359e+01 7.110581167447256234e+01 8.336566990908615082e+01
3.085556045481712584e+00 9.286058755984688773e+00 2.320521084807480960e+01 4.436789851450454591e+01 6.967808479534329535e+01 9.207244687250378945e+01 1.079682534635685300e+02
3.135236574279574029e+00 8.967156747147631890e+00 2.274268860097414446e+01 4.468782631293439778e+01 7.164708502475967578e+01 9.627080453467137033e+01 1.130322803491835799e+02
8.396539110063706346e+00 1.513139397110033890e+01 2.893186628653849723e+01 5.051508441782992520e+01 8.696711931665902284e+01 1.358703794831409368e+02 1.708568935016552928e+02
3.238765335043847227e+00 8.860540948928440130e+00 2.261522323888052100e+01 4.514514440205429935e+01 7.342782070164103914e+01 9.974792640522980491e+01 1.172855772502655469e+02
4.744676071292500019e+00 9.719092262078286026e+00 2.241640102819501479e+01 4.565321715384531132e+01 8.033852394978468681e+01 1.179712123714930669e+02 1.413863305817456535e+02
3.271694781651131034e+00 8.847647303322101919e+00 2.261087589897889671e+01 4.524077288871858116e+01 7.383265408687948650e+01 1.005275770878011912e+02 1.182520742317946230e+02
7.932446769517761176e+00 1.435059909401182132e+01 2.786565641890605249e+01 4.965099765609264892e+01 8.647202213828143158e+01 1.346400750869131002e+02 1.681002978579938940e+02
3.106693367517555426e+00 9.415896566064313689e+00 2.367675028834630524e+01 4.485441116384417626e+01 7.004360790029059558e+01 9.208315930754427825e+01 1.081079823174286076e+02
5.130989240012699959e+00 1.017452742257717446e+01 2.289883249760722350e+01 4.611909883454882220e+01 8.156451037116801217e+01 1.208641868883260884e+02 1.454360741458123698e+02
3.181362523670737907e+00 9.978960468382924276e+00 2.433626154217804682e+01 4.471585617429035153e+01 6.832167265814180723e+01 8.833568326658856051e+01 1.038063343796704459e+02
4.495149027371797779e+00 9.500882156437096882e+00 2.248145401522524622e+01 4.603552774729644170e+01 8.027274981041351509e+01 1.162883693585405354e+02 1.387962952155246228e+02
3.163934344264704546e+00 9.373019605008218846e+00 2.366819358856841760e+01 4.552297745619851810e+01 7.168516429021570957e+01 9.475523521735740928e+01 1.114579458553040752e+02
4.391202875693303476e+00 9.436690525113260009e+00 2.254359216964025237e+01 4.626558612265263548e+01 8.027213075620093718e+01 1.156620969133174412e+02 1.378007337173917506e+02
9.429874285327672467e+00 1.693692192018653842e+01 3.176940204653102029e+01 5.374903682462196031e+01 9.015786836907405188e+01 1.408290657582248855e+02 1.783537725653154951e+02
4.613248687017878602e+00 1.380441684616842224e+01 2.628398803584383359e+01 4.088039728641977888e+01 5.550865951658641251e+01 6.718297132453336928e+01 7.930298439204558747e+01
3.678698811860058981e+00 9.019816497136808664e+00 2.273552671213300869e+01 4.643201067384243430e+01 7.765817240633657548e+01 1.078079195295799906e+02 1.275376316513644639e+02
1.050466062865368322e+01 1.887465517214111088e+01 3.490608902187079110e+01 5.758177889559814133e+01 9.371496816029593901e+01 1.452974415664299954e+02 1.851805234276241094e+02
4.525181850541242667e+00 1.374715025179553329e+01 2.647824697712322717e+01 4.146988660096521073e+01 5.640882638843061159e+01 6.849189156274995582e+01 8.092559214595016215e+01
3.700376074803642279e+00 1.191064305269556378e+01 2.606724086334893542e+01 4.387497519122138812e+01 6.273218222822966084e+01 7.811257380023619135e+01 9.221084181090701293e+01
8.198511871883258806e+00 1.484078924121675058e+01 2.864555025086919926e+01 5.074691021895222320e+01 8.796685671434703124e+01 1.368328371663231451e+02 1.707481384963787718e+02
4.978147500172437567e+00 1.455660647031525556e+01 2.655591993016539831e+01 4.050363624423761877e+01 5.391069617585564089e+01 6.489889491112299424e+01 7.675631935503909631e+01
9.932293245175172203e+00 1.784727644682146419e+01 3.323545748716113479e+01 5.557121383768809864e+01 9.204772111343068275e+01 1.434480420109994725e+02 1.820534362469909127e+02
5.236053861774015772e+00 1.505173758970978604e+01 2.657834083838646322e+01 4.003137276057726979e+01 5.261055595466297063e+01 6.312024823209701196e+01 7.471375280839815503e+01
3.267332693071810290e+00 9.496784462537160465e+00 2.400277741718640456e+01 4.670605189105553734e+01 7.387965701079566827e+01 9.813854601771878094e+01 1.158178758893182732e+02
3.276071978303200627e+00 9.517445755999982993e+00 2.407885943584743060e+01 4.685533228436698039e+01 7.392804722815246521e+01 9.811841119381450937e+01 1.158299791169587252e+02
3.260652830030371430e+00 9.984896299909982176e+00 2.475551089841815156e+01 4.654299560780441425e+01 7.150081560453413942e+01 9.313694338499632863e+01 1.099441432189968140e+02
1.025093608336241502e+01 1.841176479969405833e+01 3.420292449923416456e+01 5.680595569029706837e+01 9.340167650582239389e+01 1.452360120518574718e+02 1.844647396965693247e+02
4.050959119703908762e+00 1.276036427360792480e+01 2.676386704753334556e+01 4.405435349644555743e+01 6.148746603953783563e+01 7.591008113384296507e+01 8.995670083845210740e+01
3.344090272008843900e+00 1.033346053909867024e+01 2.527164581157719780e+01 4.652493506730365169e+01 7.035552555233327610e+01 9.077604935768081873e+01 1.073434873896279669e+02
7.569965243056460125e+00 1.379095728580061042e+01 2.736152645335536704e+01 5.004169225224548967e+01 8.784677244997547518e+01 1.353615683042164335e+02 1.670349096613561244e+02
5.904668938055850802e+00 1.130579729940509992e+01 2.447243684363226635e+01 4.828563594347432542e+01 8.529103430545184494e+01 1.271543589601382536e+02 1.537191545412320863e+02
9.254063527978630077e+00 1.662040480008925059e+01 3.139074169316037199e+01 5.372865862752000510e+01 9.098383034172454131e+01 1.419004063425674644e+02 1.784921873869708122e+02
7.078009659959803912e+00 1.301478914361559269e+01 2.642416252505370622e+01 4.951216620516549227e+01 8.740144193526586491e+01 1.334230051449241898e+02 1.635009491769533270e+02
4.345831548805926481e+00 9.616166144265450910e+00 2.342463150886453960e+01 4.805926376993286198e+01 8.178609936691908899e+01 1.155270417329833066e+02 1.374746351092400687e+02
4.049653197107516256e+00 9.449821632749365818e+00 2.351627324301248834e+01 4.813238341138978882e+01 8.062080749579081385e+01 1.121911641646934470e+02 1.332242143194344806e+02
4.680602013628875291e+00 9.931846046002945627e+00 2.360877000259241498e+01 4.831321289507206274e+01 8.312037530353657644e+01 1.187680706006219964e+02 1.416916091982063222e+02
3.452612370356138882e+00 1.041507901059612706e+01 2.562960867311624469e+01 4.749936878086875680e+01 7.184330994132356807e+01 9.280670234890310155e+01 1.100375394048035815e+02
4.075227847442098650e+00 9.500786527486226873e+00 2.366275939155235974e+01 4.837584316867174294e+01 8.087370754818063290e+01 1.123253932089178306e+02 1.333939778542812178e+02
8.349576312316751014e+00 1.506814949945015947e+01 2.919112775153632100e+01 5.187471974408993702e+01 8.987012261392037260e+01 1.393120272412524798e+02 1.730402877469368832e+02
3.824862763686529554e+00 1.220366039209695330e+01 2.709294208567923334e+01 4.597812831486909602e+01 6.535220332574496638e+01 8.155078386416896308e+01 9.692220921304428316e+01
4.569278229162147653e+00 9.876510884633328047e+00 2.374427150509850293e+01 4.864431290163416577e+01 8.298862677140924404e+01 1.176403535969497938e+02 1.401938959111049314e+02
9.682998721588637281e+00 1.735651245901831174e+01 3.261337298227798698e+01 5.528943706898695609e+01 9.272233955327146759e+01 1.444634646288774036e+02 1.819634288759573906e+02
7.228688975670769956e+00 1.324869041803809111e+01 2.683512534712236786e+01 5.017896617359797773e+01 8.839124529421043519e+01 1.348123647693248870e+02 1.650895225438644047e+02
3.508360289963889933e+00 1.006608515465029896e+01 2.537177616959352378e+01 4.843828659168588047e+01 7.478312925888258178e+01 9.802764016902948185e+01 1.163424024300422843e+02
4.501198644650772351e+00 9.829131720012574291e+00 2.397628775866290241e+01 4.903799990439609502e+01 8.307128350193151789e+01 1.169553187995419279e+02 1.392952726152812772e+02
7.218490066250693893e+00 1.321057012763215610e+01 2.686805784881975256e+01 5.032656173408954459e+01 8.860725976814421756e+01 1.349492428423725698e+02 1.650874759036741182e+02
3.840068058758658420e+00 9.589690269560614766e+00 2.443393204866021406e+01 4.907977847923121573e+01 7.980574852783887252e+01 1.083614919004694315e+02 1.287044267063151608e+02
1.200151595329473331e+01 2.162853578848927327e+01 3.969730829377341053e+01 6.449349679942889679e+01 1.017093688167110344e+02 1.548462748292898254e+02 1.965607403885354074e+02
9.825511030915707877e+00 1.758873486556428389e+01 3.302937262289305664e+01 5.587003218226401913e+01 9.342363398337661806e+01 1.454208943100458669e+02 1.831763183432222490e+02
4.382901719252578765e+00 1.356849732367389905e+01 2.808719805003147485e+01 4.552180666946502186e+01 6.263538511623323757e+01 7.714880530825470828e+01 9.208324936482782164e+01
5.602266191062027723e+00 1.098884961086762146e+01 2.479614257110871023e+01 4.965322908085459375e+01 8.644305935954737663e+01 1.261388414500946595e+02 1.515082612373450104e+02
4.332088803903877405e+00 1.351288125597533529e+01 2.816186715506797711e+01 4.581067124499626431e+01 6.320847281418563313e+01 7.799221695082668759e+01 9.313571317451700793e+01
4.880574533241739843e+00 1.023109718874497354e+01 2.439914306198591731e+01 4.965981621244820587e+01 8.478002537488096380e+01 1.205969132226215521e+02 1.440139209596084697e+02
4.248245159190667586e+00 1.328906460954872237e+01 2.825909279585132694e+01 4.634553937355847353e+01 6.436478412391666382e+01 7.966514543064462828e+01 9.516049361974556575e+01
4.807003707885777466e+00 1.461894241742516165e+01 2.856774748883540127e+01 4.476645182153589531e+01 6.000666909281166994e+01 7.330331406403398375e+01 8.759131695686629371e+01
4.080643045483692610e+00 1.278724080031415689e+01 2.813338130064979126e+01 4.701834787005185490e+01 6.612971896026492402e+01 8.231625348563248679e+01 9.834488604593812511e+01
5.022065157817872105e+00 1.508595635442375560e+01 2.869913774003270035e+01 4.446187180184541177e+01 5.883411182192268285e+01 7.166002369733693911e+01 8.567452060477451425e+01
4.334151859197564072e+00 9.905308023248567295e+00 2.464998110096130901e+01 4.996323471936688776e+01 8.314840307409187403e+01 1.151642688120771965e+02 1.371226037432461169e+02
4.431944396540743902e+00 1.395470464540303013e+01 2.863129762809063905e+01 4.603867863705487906e+01 6.279412469141443154e+01 7.729620086968807868e+01 9.245611678639018294e+01
5.490246689204782982e+00 1.096317034638614984e+01 2.504537716464880504e+01 5.026175027408157803e+01 8.700495160562219610e+01 1.258226096940744299e+02 1.510000196774041399e+02
9.326271328462155452e+00 1.673256956910954685e+01 3.182347142376690030e+01 5.481016489140485959e+01 9.318044993575563240e+01 1.446699054918827017e+02 1.807968063516520090e+02
3.725798091240531296e+00 1.174028229768862097e+01 2.769675892242439730e+01 4.882769917234692514e+01 7.087708209329149156e+01 8.990266279201934196e+01 1.074233013972458366e+02
4.928899827577903459e+00 1.041921055829742571e+01 2.487630846491064318e+01 5.042334449120659201e+01 8.576625612883849215e+01 1.215283573374429409e+02 1.453080392676347117e+02
4.868544288760611849e+00 1.036441332513554414e+01 2.487622510904263251e+01 5.049560627100485988e+01 8.564934774985557908e+01 1.210225845994096545e+02 1.446648313277946158e+02
3.832870238175292599e+00 1.220105894613808850e+01 2.816343554433978369e+01 4.883466139064669420e+01 6.978517522500703762e+01 8.813820790273659611e+01 1.054682638101372874e+02
4.125177359951162082e+00 1.004586859488905937e+01 2.527988975673074279e+01 5.079839766463488360e+01 8.254623244962097317e+01 1.126472720700254797e+02 1.343071751451410023e+02
4.223546799184279443e+00 1.350092312068446354e+01 2.882505715630035326e+01 4.762902969482468762e+01 6.565052134460674438e+01 8.162568218622429583e+01 9.782380979720817038e+01
8.888940917606300118e+00 1.600553972774043032e+01 3.078314657293590173e+01 5.405614976040199338e+01 9.281164087282583353e+01 1.435728151309297687e+02 1.782707959288574386e+02
7.548848379595666458e+00 1.382846120955750813e+01 2.793984273981033084e+01 5.194343775479823222e+01 9.088517605144208744e+01 1.380516948709299356e+02 1.687977445182945360e+02
4.502534305846923601e+00 1.427361142276819983e+01 2.915300726032054612e+01 4.699628378743004475e+01 6.346368211671564552e+01 7.828290130431999216e+01 9.390864940626862278e+01
4.366823103622015090e+00 1.389418125164684170e+01 2.913759794157054017e+01 4.765470754212418569e+01 6.501372475775185933e+01 8.052151696374718881e+01 9.663673573153515406e+01
4.097850850392755540e+00 1.308467393215169849e+01 2.886481796597814409e+01 4.860062048750342001e+01 6.774427579077143946e+01 8.467620646158921716e+01 1.015815840399203296e+02
3.698327748745772858e+00 1.115234734437024500e+01 2.743186489436819997e+01 5.046939452283218941e+01 7.504390071823128494e+01 9.675366937035177273e+01 1.157522871064539487e+02
4.135680709172192770e+00 1.311622827520933932e+01 2.902501676411767306e+01 4.872671105284906190e+01 6.783890283262360299e+01 8.479913383378165292e+01 1.017456351280056168e+02
5.540025021823979934e+00 1.112176737242753077e+01 2.552371580946360297e+01 5.130598734208433598e+01 8.804970483241093859e+01 1.266282573189020013e+02 1.519746517597223487e+02
3.782451990853020529e+00 1.055288724290364932e+01 2.673846065419944651e+01 5.122058668200810416e+01 7.877100257910386460e+01 1.036545940992288024e+02 1.238897403673569357e+02
1.134879486716739372e+01 2.039830345447570537e+01 3.765445897131879605e+01 6.178129951620442029e+01 9.946637251420064274e+01 1.531816189975236000e+02 1.941748687552665444e+02
1.237270151626100301e+01 2.234343950751542707e+01 4.099634519890930306e+01 6.652210397350825133e+01 1.044631749120695474e+02 1.584009790570645748e+02 2.005190980300178580e+02
4.589875861938907953e+00 1.445622799836499972e+01 2.976237927960905694e+01 4.759153865553553686e+01 6.417295880443906242e+01 7.934500671504601144e+01 9.532146501816684747e+01
3.974145609502798493e+00 1.258958944950353676e+01 2.893546730255532751e+01 4.979404087986323901e+01 7.074537001558681482e+01 8.926702391471879139e+01 1.071533959670525036e+02
4.229958547219149878e+00 1.032299475182438186e+01 2.594973670363276241e+01 5.176784352413407220e+01 8.350085355960879951e+01 1.132409776025548780e+02 1.353566216773536723e+02
4.431445631884778358e+00 1.037438756300269738e+01 2.578546548243991055e+01 5.183692879706514844e+01 8.474892019120832742e+01 1.160420376056555796e+02 1.387502730630397707e+02
6.082014573586916661e+00 1.180998353568386960e+01 2.619269538972805478e+01 5.186900392429406281e+01 8.976645038046862624e+01 1.305579671724029538e+02 1.572624139376325161e+02
4.076042817084873704e+00 1.290734664053946368e+01 2.926583892571685652e+01 4.978999879335530920e+01 6.993643661994754268e+01 8.799520258870050782e+01 1.057731298189458329e+02
4.628185866858089526e+00 1.048064481477414311e+01 2.581126678593677326e+01 5.202098535778836919e+01 8.579758726794959500e+01 1.183104858005911382e+02 1.415892715444069552e+02
4.673392617370324409e+00 1.050449181779164753e+01 2.587257405759381967e+01 5.213521986713502798e+01 8.606999276608181049e+01 1.187689210992613482e+02 1.421779240515508889e+02
3.937090612801141365e+00 1.232517983800853756e+01 2.894050399914602778e+01 5.058389606511305914e+01 7.242746672573714761e+01 9.181485558189559981e+01 1.103456708070447974e+02
1.216602411093485614e+01 2.193602734593082459e+01 4.029351836161469436e+01 6.550297763823581931e+01 1.034786510330263383e+02 1.576091844860355025e+02 1.996361332678087308e+02
3.867951435611629130e+00 1.098479616670774028e+01 2.760118564746903758e+01 5.205156736135754869e+01 7.902790168597303477e+01 1.030428871361358460e+02 1.236733946051847397e+02
3.853457207699835685e+00 1.122715850609061938e+01 2.791059239523790936e+01 5.186651466489229279e+01 7.778695857441266526e+01 1.007053047089866737e+02 1.209365401360989125e+02
3.864327072203022073e+00 1.120339035416644791e+01 2.788312484602977293e+01 5.196066062582666234e+01 7.810905921119351092e+01 1.012595403456726757e+02 1.216046797357336402e+02
3.910251219819998347e+00 1.104984245409802490e+01 2.770665517420909651e+01 5.227291663890813567e+01 7.945664616673184355e+01 1.037142148246452535e+02 1.245888126345503508e+02
7.796272287512310939e+00 1.426411172877259226e+01 2.877068933857293942e+01 5.329477843332033160e+01 9.292584930557177358e+01 1.404497736545464761e+02 1.716185026644527625e+02
3.927985998228087361e+00 1.100841286140521902e+01 2.762018854044600147e+01 5.240246316247655756e+01 7.991951260051665429e+01 1.046131840507900677e+02 1.256709359797324339e+02
6.787094802420624795e+00 1.284422684125280334e+01 2.725012197988038665e+01 5.276174770560389504e+01 9.176787253385849397e+01 1.353756127696128999e+02 1.639199181131516809e+02
3.898268776975228445e+00 1.202665491384399843e+01 2.896950098010188057e+01 5.177729635115179008e+01 7.519713992951976422e+01 9.611191955595703007e+01 1.157295651457183823e+02
4.762969841574084207e+00 1.074097852757544658e+01 2.626376929573433472e+01 5.282159232203576238e+01 8.694600322644551227e+01 1.197425399434237079e+02 1.436834899697432490e+02
4.004280054987139792e+00 1.095107610267021414e+01 2.751605972674407852e+01 5.274135757040584593e+01 8.123859300640653203e+01 1.069472092841188413e+02 1.285552096333029226e+02
4.023272064500878820e+00 1.077839398717424402e+01 2.739984012661356161e+01 5.289784557595151426e+01 8.207796388792836240e+01 1.084781412195761874e+02 1.303949042360273722e+02
4.007080253387636404e+00 1.245187244528708526e+01 2.948084394021093857e+01 5.179987046525906891e+01 7.427716329005930618e+01 9.462303966283955958e+01 1.140539688883267502e+02
4.103353606846764201e+00 1.092091991251211880e+01 2.752615884800381352e+01 5.309415206736127146e+01 8.246961769626432215e+01 1.091133566775882002e+02 1.312186344826459106e+02
3.954165565844241836e+00 1.132383067685651490e+01 2.827783551753387670e+01 5.283382986461579378e+01 7.960543144400533322e+01 1.036681556156484163e+02 1.247736450568302047e+02
4.860376268193475013e+00 1.088748114490223529e+01 2.651953587304492288e+01 5.316838425210562491e+01 8.770992305583662585e+01 1.208877204903941021e+02 1.451696988352075834e+02
7.808510106573439025e+00 1.434533806375493192e+01 2.900838337617096485e+01 5.379706257232000866e+01 9.380232737169951918e+01 1.411789006001348525e+02 1.723132642270344093e+02
3.969340214120355537e+00 1.192969253331523660e+01 2.914960142940102372e+01 5.259074332465980461e+01 7.705653128785195349e+01 9.904282379168192563e+01 1.193743602744243901e+02
3.999596775634320700e+00 1.181083182672999321e+01 2.908162073682031945e+01 5.289191305098664486e+01 7.791880549873103234e+01 1.004707204202730679e+02 1.211241484864153364e+02
5.877846437175930028e+00 1.177367925014561933e+01 2.682050428995379576e+01 5.331670906256380960e+01 9.103358378250551652e+01 1.299537657688438799e+02 1.564475607859497188e+02
4.962246946221459787e+00 1.096784885826886047e+01 2.672283102103062902e+01 5.352546093136054139e+01 8.834280524377173549e+01 1.218799524623050132e+02 1.464415267789058248e+02
4.020551181939850061e+00 1.190809733746664456e+01 2.931111408312473188e+01 5.306042147295168121e+01 7.781803415519247835e+01 1.002107136276189436e+02 1.208838873796026263e+02
4.439231432692150925e+00 1.399039841566656150e+01 3.099355203948739401e+01 5.123018532905892641e+01 6.998234135045137805e+01 8.796103885276556866e+01 1.062945977338502104e+02
4.555868350761615559e+00 1.436419149478370727e+01 3.116871551165223053e+01 5.082233698347062756e+01 6.874087222085255178e+01 8.615006136174210383e+01 1.040757541776827821e+02
4.048132438148264178e+00 1.165559731205186544e+01 2.913950300795060144e+01 5.354769072150420328e+01 7.956332755481653862e+01 1.030620354208441398e+02 1.243867725268170261e+02
4.341680495250916927e+00 1.359492445368332270e+01 3.093336232423084908e+01 5.184531551527657456e+01 7.163489014584041570e+01 9.040401411039620427e+01 1.092974589948763509e+02
5.566397421846290605e+00 1.150816801633170527e+01 2.698514922795508397e+01 5.381149163060657514e+01 9.068956809834641319e+01 1.274964581269647681e+02 1.534642072606655177e+02
4.124877943865661756e+00 1.151175451968306085e+01 2.900290095161537351e+01 5.399591671235915413e+01 8.108704429011561388e+01 1.056846789278163925e+02 1.275939340151226276e+02
4.185831022664669554e+00 1.280369743119750225e+01 3.052363386653684785e+01 5.301776272639887111e+01 7.525304723001438845e+01 9.589767837269502593e+01 1.159727186508492025e+02
4.488947382666792940e+00 1.101812460167944607e+01 2.773361374428127490e+01 5.430700019780748278e+01 8.609043158315198241e+01 1.153732736235974556e+02 1.390340571892656953e+02
4.918043280260312677e+00 1.110076748070720321e+01 2.732254992086896195e+01 5.436381779227231448e+01 8.866219046444291507e+01 1.211695746677073799e+02 1.459281771391677296e+02
4.995125333914053556e+00 1.113328059001466208e+01 2.727494410662294300e+01 5.433707410585125075e+01 8.899308565118280967e+01 1.220361192730383522e+02 1.469489409663226809e+02
4.128828170819650367e+00 1.158915498481932183e+01 2.925248152857545847e+01 5.423152987263112834e+01 8.107480987623922886e+01 1.054169393327931630e+02 1.273902417343823572e+02
1.115354184478428756e+01 2.004109166141700271e+01 3.718206439752665204e+01 6.154868424459331067e+01 1.004599054594018526e+02 1.550732058993096985e+02 1.951282053244484871e+02
9.973230966822345778e+00 1.792159854884842929e+01 3.391490747128080585e+01 5.799733978039785143e+01 9.785507652341100027e+01 1.510355665641410781e+02 1.878407000112219976e+02
1.216904246650293331e+01 2.196370529902002389e+01 4.038533064726650679e+01 6.577273660445658265e+01 1.043196580905045039e+02 1.592693563559240033e+02 2.013204628176289077e+02
1.095945370076931802e+01 1.969352985011946799e+01 3.660867318200192955e+01 6.090548832199549878e+01 9.999909091060494859e+01 1.545179457544210777e+02 1.940368565253777717e+02
4.209538966217648337e+00 1.317036565539274307e+01 3.124269849277366262e+01 5.317890289258298964e+01 7.439652311065633228e+01 9.461637898126988944e+01 1.145265755252264341e+02
4.175891790500911860e+00 1.255982094404370564e+01 3.057047533552496787e+01 5.383976879511569535e+01 7.720709234151901512e+01 9.900526103899392183e+01 1.198048498914829594e+02
4.782795930000415474e+00 1.115036636136185599e+01 2.785578015832044230e+01 5.494964072000342270e+01 8.828854649511572461e+01 1.195443777537928156e+02 1.441906530084015685e+02
4.119403403910551376e+00 1.224028941553023131e+01 3.033758237449794137e+01 5.425976108655132890e+01 7.887218376782917062e+01 1.016089694665841705e+02 1.229853408794224805e+02
5.302850978123684555e+00 1.141673530856944474e+01 2.753523998965786390e+01 5.483115215944103227e+01 9.066165930149998076e+01 1.253901177618816831e+02 1.511176203193344634e+02
6.745804491524199697e+00 1.293926232244582231e+01 2.814109075256871861e+01 5.467443929821610027e+01 9.416175843242997701e+01 1.365426025510650447e+02 1.650774744749631395e+02
1.211575339819078856e+01 2.186045944194741608e+01 4.023408119364354008e+01 6.558471139320158727e+01 1.042467327475255701e+02 1.593326584038346425e+02 2.013228484066355009e+02
4.482191030697141976e+00 1.408028970115163148e+01 3.191358842349336911e+01 5.307649977754198289e+01 7.225688168530176370e+01 9.155999861237803827e+01 1.109557900081935031e+02
1.077492776173735400e+01 1.936293672838261060e+01 3.613116501123782598e+01 6.045030548797852532e+01 9.990200549326702628e+01 1.543398023761149602e+02 1.932874476580668670e+02
6.210250672823415918e+00 1.230749189122519915e+01 2.778108352107756929e+01 5.487488546199672612e+01 9.331547286689689713e+01 1.329958396739681916e+02 1.605402797073847410e+02
4.919907442256670649e+00 1.127845840367787211e+01 2.800064560618519849e+01 5.544698661619131741e+01 8.914976357044653810e+01 1.210899405324816627e+02 1.462007638123048707e+02
5.468845645498322305e+00 1.160377358337194309e+01 2.775984471095243933e+01 5.528018370779749802e+01 9.148646936465128476e+01 1.270027754664765780e+02 1.532212076747567266e+02
4.314606594374440718e+00 1.154462206819728642e+01 2.933161581444870336e+01 5.548112819581280064e+01 8.414956397639510044e+01 1.106288124388587164e+02 1.339325140488617478e+02
4.511561425665079561e+00 1.430087648376600562e+01 3.221069314873194855e+01 5.338836887602639791e+01 7.236194701933983708e+01 9.185867463647021225e+01 1.113911829073255433e+02
1.278481873949119674e+01 2.314094998355660238e+01 4.247478861529746297e+01 6.891583427341231527e+01 1.079779571624736718e+02 1.632523654767053358e+02 2.058408956070813645e+02
8.032588797305344031e+00 1.475952753144062157e+01 2.999600975328522168e+01 5.558183362574970232e+01 9.627077191276455892e+01 1.438490810406973139e+02 1.753459061364705178e+02
7.962015263232848028e+00 1.464922846993095007e+01 2.991063132995103402e+01 5.556115745189701727e+01 9.625002652327133035e+01 1.435621431584325762e+02 1.748844328866352953e+02
5.812942079309952881e+00 1.192880611742100783e+01 2.796800239651116016e+01 5.549784231847309002e+01 9.276323239401099841e+01 1.300215853257365950e+02 1.569981256891350938e+02
1.072964617536931442e+01 1.926493732807346149e+01 3.606013933162407881e+01 6.048411067978381794e+01 1.001559123697282985e+02 1.546281300526122777e+02 1.933507407885545035e+02
4.237538931758986216e+00 1.210701761833773915e+01 3.033421617763849198e+01 5.568486348549841125e+01 8.185682545073026972e+01 1.064087629033655986e+02 1.290899075999645049e+02
4.531958579784688190e+00 1.438268143863294135e+01 3.244711195874639742e+01 5.388625650828749514e+01 7.281472227163614264e+01 9.260431503466372760e+01 1.123687678529152407e+02
8.321290745236359143e+00 1.520321070650081730e+01 3.055919740511703253e+01 5.606669704182888125e+01 9.692738074321464126e+01 1.454003884518569691e+02 1.775687295939353021e+02
4.472881608308929557e+00 1.420029604454302152e+01 3.237747446313882449e+01 5.413677063671413947e+01 7.347960739666402219e+01 9.357455669849595381e+01 1.135788111233357398e+02
4.975859499989346624e+00 1.143300522095635152e+01 2.839912482326998244e+01 5.621478188923649810e+01 8.983858315191642419e+01 1.216010793608995755e+02 1.471469258765678489e+02
4.299314272978932649e+00 1.316623579670388899e+01 3.163397825170812538e+01 5.523811794542433518e+01 7.759372432938127417e+01 9.951558673805655530e+01 1.209003965747865976e+02
4.257682022198890692e+00 1.221994914965519818e+01 3.062930593008554681e+01 5.604145994100671402e+01 8.192320965368833185e+01 1.062915593977637769e+02 1.291139102792953679e+02
4.350365506468738985e+00 1.168641906577545875e+01 2.981996386123813991e+01 5.646326187571755639e+01 8.508868373305328703e+01 1.117022902704311349e+02 1.355765959833911154e+02
8.160316249643098985e+00 1.495352154102511655e+01 3.037653458246456140e+01 5.619553064557238997e+01 9.711740930689138906e+01 1.448841029649219934e+02 1.766592512009808900e+02
1.163981111542343605e+01 2.093831161723607792e+01 3.876004930659029668e+01 6.376636215526958296e+01 1.029083564170698963e+02 1.582463676352885500e+02 1.992408364840744923e+02
6.720759554755852072e+00 1.297179337603465754e+01 2.865007851479422740e+01 5.595068101531634142e+01 9.532818891403174177e+01 1.368795359202239013e+02 1.656653867161936091e+02
4.265900970906664647e+00 1.226562071825644651e+01 3.076415269310786726e+01 5.632492062963569168e+01 8.230233535788063648e+01 1.068786580025089705e+02 1.298996846340477020e+02
5.146679235777057215e+00 1.159090511509853982e+01 2.862471087010577975e+01 5.670441963029974630e+01 9.101222789858753970e+01 1.237042962078621855e+02 1.498027428660397788e+02
4.515122964929030758e+00 1.169046946935580422e+01 2.967905687894056399e+01 5.680033761198338738e+01 8.656153803914348543e+01 1.143096177386646275e+02 1.388074735296655433e+02
1.197350643390753966e+01 2.156462885805843754e+01 3.982119559839446765e+01 6.516062287918897766e+01 1.042241459512664363e+02 1.597383155907959065e+02 2.014210644201774869e+02
4.747459972874943368e+00 1.158905776485333483e+01 2.920069189704229373e+01 5.706337234795150692e+01 8.878306165222484481e+01 1.184757205800641913e+02 1.438172488502130193e+02
4.302244485848887301e+00 1.252706213201909158e+01 3.116354283148957549e+01 5.658266443651873345e+01 8.174797971916332529e+01 1.058823098049437164e+02 1.288092418766262313e+02
1.012477660830477966e+01 1.820538971305397880e+01 3.457273175579986457e+01 5.931440683162433203e+01 9.983864388586582095e+01 1.534606717009616261e+02 1.901964760483604948e+02
1.085083623109523288e+01 1.952205771454216787e+01 3.653376565618936667e+01 6.124595510525285391e+01 1.012243577411093440e+02 1.560480316181681815e+02 1.948719175343030088e+02
4.547461023053712914e+00 1.180642831232470868e+01 2.990963863417324120e+01 5.721487995271922244e+01 8.686694550964799078e+01 1.147062513228651284e+02 1.394113297594590222e+02
5.068069618845341573e+00 1.169900993709163650e+01 2.896287517651752452e+01 5.722522624910421030e+01 9.092094432221226441e+01 1.229585354027369988e+02 1.491072814603280960e+02
1.041309630438691158e+01 1.875024160697576647e+01 3.538941552091339560e+01 6.014100742327649129e+01 1.005516781333570151e+02 1.547280706726939741e+02 1.922858001768921099e+02
4.775740895850688617e+00 1.170684901460218441e+01 2.946166415378485226e+01 5.741197715711061988e+01 8.910000960397542258e+01 1.189926676571986235e+02 1.444989892644164797e+02
5.430605019970683678e+00 1.188948846796217573e+01 2.881628954395702280e+01 5.718186133059701604e+01 9.261541535165062555e+01 1.269116362511025073e+02 1.537828376735474762e+02
7.205551648675283971e+00 1.373455854633268203e+01 2.945995986529448274e+01 5.671883108045405208e+01 9.693453407063557847e+01 1.404412521024026148e+02 1.703078039312531757e+02
4.516600142786280081e+00 1.200947698471892089e+01 3.033117950076922753e+01 5.755404078305626570e+01 8.649632316153471834e+01 1.140339595201618295e+02 1.387092157150754872e+02
4.455411007156105718e+00 1.393963116993519691e+01 3.283181971165399915e+01 5.627253981141166861e+01 7.728430323132421620e+01 9.937061521738466752e+01 1.209148419802605048e+02
5.311165919782122380e+00 1.191475066837270091e+01 2.904219089002101484e+01 5.758835317638925488e+01 9.235045625595957119e+01 1.258822185018706392e+02 1.526578402994821886e+02
4.351785806527603384e+00 1.308132941072573097e+01 3.200593247359488913e+01 5.715880721705142520e+01 8.099833483744892249e+01 1.048575345600277160e+02 1.276553104901209252e+02
4.359370749431168868e+00 1.275965964261565944e+01 3.166298601398660040e+01 5.748626334206245758e+01 8.272251837915300143e+01 1.075562106696709179e+02 1.309299508222841553e+02
5.457738301475253628e+00 1.204229824259405568e+01 2.908403680139554837e+01 5.769885133667651189e+01 9.311438241010917238e+01 1.274639039431608438e+02 1.545754369112263760e+02
4.404610524118146131e+00 1.358978434165878646e+01 3.264399682063407937e+01 5.695492048887417269e+01 7.928774579803588551e+01 1.022829179501611918e+02 1.245351382889075751e+02
7.447053204598518050e+00 1.413347391548231435e+01 2.990665491433335177e+01 5.708023711304254277e+01 9.773087409909263101e+01 1.421517951060348821e+02 1.724986037282305347e+02
8.802736781380243514e+00 1.612767655606018380e+01 3.193448149479577935e+01 5.782940451816358518e+01 9.930350681963172121e+01 1.490198391794831707e+02 1.822448081002573588e+02
9.419117015034194296e+00 1.711565895986876384e+01 3.316262963694001087e+01 5.855269640636633000e+01 9.992305278264463198e+01 1.516578320449612818e+02 1.863451649461851218e+02
9.348331054011390862e+00 1.699458161310481685e+01 3.303493751632640141e+01 5.850071475166861035e+01 9.997987598836409973e+01 1.514549599721801769e+02 1.859513236872516870e+02
8.460362947884862095e+00 1.562238553949733877e+01 3.141771300275403078e+01 5.768478341248815866e+01 9.919447898157432064e+01 1.476239736257598167e+02 1.800871730268652016e+02
4.509136201676072986e+00 1.237583464259626886e+01 3.104684580967420970e+01 5.821881859077124233e+01 8.644764440950397955e+01 1.135665934416674645e+02 1.383549333778621246e+02
1.259436485017442742e+01 2.281684308778630665e+01 4.193920312556463159e+01 6.822279580642869234e+01 1.076325584785560210e+02 1.635345029381718689e+02 2.061108065309776691e+02
1.201988417649516450e+01 2.172430745984740952e+01 4.009408127721589210e+01 6.564790458288042885e+01 1.051613903719987633e+02 1.610546907819429521e+02 2.026987516385130732e+02
4.408569526110624359e+00 1.316543169593839835e+01 3.232547528123838987e+01 5.795095280883398203e+01 8.246433798855011332e+01 1.070845999691987203e+02 1.305454339296042008e+02
6.648973350376851776e+00 1.321825327381117177e+01 2.951341872851258330e+01 5.780105989310134618e+01 9.705742037505703479e+01 1.373742931869230119e+02 1.666273778095001035e+02
7.757839982624337161e+00 1.462988240363659820e+01 3.050505551845356322e+01 5.768158282623685551e+01 9.882428847575529574e+01 1.442434024996436506e+02 1.752868952575786068e+02
4.439669675270280891e+00 1.357817517265148766e+01 3.300265538006210164e+01 5.786774239025784539e+01 8.091428607681358187e+01 1.047632458766225199e+02 1.276911908498169623e+02
4.644271791573884478e+00 1.228559571644699133e+01 3.093488571908229190e+01 5.876197039833405000e+01 8.822014950853720450e+01 1.165412926422172859e+02 1.420548969150500795e+02
1.284156759685851057e+01 2.329633819663472494e+01 4.276433404248860626e+01 6.948994793369426759e+01 1.090693220378271207e+02 1.651010576692092968e+02 2.078436582774885721e+02
8.147326390292978004e+00 1.521031749338116690e+01 3.106050572843987112e+01 5.794091103489178352e+01 9.942531855053159973e+01 1.463857491105592601e+02 1.781683740835588026e+02
4.601322312516376023e+00 1.460981216567228103e+01 3.404103898509841741e+01 5.739057512954656204e+01 7.760582481190409965e+01 1.001972974865506956e+02 1.220467394964859835e+02
4.469255997151955206e+00 1.344867881878887772e+01 3.287872702649651302e+01 5.842040060808420776e+01 8.230305951588482571e+01 1.068989413836505662e+02 1.304001997979736132e+02
4.529183891419747532e+00 1.283387210517351740e+01 3.199210976379071880e+01 5.888569894621971201e+01 8.552724776641268534e+01 1.118979731961788957e+02 1.365315910813175719e+02
4.600358532617233820e+00 1.260219691369070993e+01 3.169168966534513032e+01 5.911425750787810784e+01 8.709818402658301295e+01 1.144808647012780085e+02 1.397195528930996318e+02
1.257027102532123841e+01 2.277960805763551022e+01 4.186449752335395402e+01 6.821568770690711858e+01 1.077627024799733562e+02 1.638915483403091571e+02 2.063943440462279852e+02
8.019924054729441920e+00 1.502530466382957819e+01 3.099275575519308035e+01 5.818898537247540759e+01 9.961377130926895518e+01 1.458486865558652994e+02 1.774702001425534661e+02
5.435682951548339581e+00 1.234176973386520615e+01 3.001857716193537584e+01 5.916421711874204448e+01 9.376148709005151716e+01 1.271660817953121807e+02 1.548145105243345370e+02
4.916637026375457076e+00 1.230285393885220735e+01 3.076769699860145479e+01 5.939944374058347165e+01 9.057469016814117424e+01 1.206852467319693289e+02 1.472126375099151403e+02
4.562758843496069083e+00 1.273992772230488768e+01 3.209107730944292314e+01 5.935816689556969550e+01 8.644787897151159939e+01 1.134313431258653964e+02 1.384909255867926845e+02
4.556471605295107530e+00 1.387199854878843475e+01 3.364660292382604467e+01 5.875278811891814001e+01 8.131264091530613314e+01 1.056399897824822744e+02 1.289451002508358783e+02
6.138758052975194168e+00 1.285055715313164981e+01 2.985078657230525323e+01 5.897799564106217929e+01 9.636966280665116358e+01 1.334674957562088196e+02 1.622811388671881048e+02
4.704580437663522297e+00 1.266433443337129994e+01 3.175146012403576989e+01 5.961843954394461065e+01 8.792155466782067208e+01 1.159148205112600465e+02 1.415708411279933330e+02
1.225395142939200710e+01 2.216810135399742876e+01 4.084969654702508990e+01 6.681750322237665785e+01 1.064819198960556434e+02 1.627651540611049370e+02 2.047256192904519025e+02
4.568095365918320105e+00 1.407399873150881398e+01 3.391361748360694861e+01 5.879510542036450005e+01 8.079344156178687797e+01 1.050236406128010032e+02 1.281772433275703236e+02
8.208153099983213963e+00 1.534064770143242917e+01 3.138841080960015262e+01 5.862790911595694610e+01 1.002255181320979602e+02 1.470211792315749904e+02 1.790416755118489505e+02
4.548242771148772512e+00 1.415118115704574642e+01 3.410172431242492763e+01 5.888162240361721445e+01 8.056527553036660549e+01 1.048063263297641043e+02 1.278917330504820882e+02
4.524366138909755364e+00 1.356253205138258977e+01 3.340540779742371313e+01 5.940084307562942456e+01 8.312875992879229159e+01 1.084430295569146381e+02 1.324508750514508790e+02
4.357641513025848568e+00 1.381671039954389890e+01 3.430151961750889456e+01 5.914745641001254484e+01 8.070865259045618245e+01 1.049848740930070505e+02 1.281242482445349253e+02
6.932236689645610461e+00 1.370862238800952149e+01 3.022263046901734995e+01 5.897904552221626062e+01 9.859578584034093751e+01 1.395574001770745838e+02 1.697074116782339672e+02
8.224956425652790060e+00 1.539258419856405169e+01 3.147200666546429559e+01 5.880705788288160818e+01 1.004703525868100229e+02 1.472564033253454454e+02 1.793624004509936753e+02
9.771302047778787525e+00 1.778055053241990890e+01 3.421681928069912004e+01 6.006952485700264788e+01 1.018935056416073195e+02 1.543640847380445962e+02 1.897010105890607008e+02
5.482234497064302658e+00 1.253121178014074921e+01 3.054408221319615890e+01 5.995215248583705403e+01 9.429264810762343529e+01 1.277662479634748536e+02 1.558244084968421816e+02
4.785363709038683133e+00 1.268275624660241263e+01 3.188726739949088440e+01 6.020355706685207053e+01 8.926549696198230777e+01 1.181636382660990563e+02 1.444314576520265803e+02
5.571283395573919606e+00 1.256456251767195376e+01 3.049513918240362287e+01 5.998300618612481827e+01 9.472070934926352948e+01 1.286468401514456730e+02 1.568783790703134287e+02
8.574678524812130220e+00 1.588540853540611408e+01 3.210751542570788075e+01 5.919930877875300723e+01 1.010786682669021701e+02 1.492217683024302630e+02 1.819621827207768945e+02
5.070282548720541627e+00 1.252765655443044857e+01 3.131633915144009350e+01 6.046198272181261046e+01 9.168750853330627137e+01 1.225260946638774584e+02 1.497523865973117552e+02
7.413077545270704505e+00 1.429914529667702361e+01 3.073243299559385378e+01 5.918378436760717420e+01 9.973101229433147807e+01 1.428301149920717137e+02 1.737672109274091667e+02
1.156672593513845904e+01 2.090268611338590077e+01 3.883753655609599775e+01 6.441165738934657270e+01 1.047526157406692420e+02 1.609543496586167919e+02 2.010929882271448150e+02
9.494028550025925384e+00 1.731562850963994293e+01 3.375617962133279804e+01 5.995942908478601652e+01 1.019951529001452002e+02 1.535098059575887817e+02 1.881619129530515977e+02
4.514721022660272531e+00 1.362895741922693027e+01 3.391378959237461999e+01 6.015943337717071415e+01 8.381306889925674852e+01 1.095578360388329457e+02 1.339497163460142417e+02
4.649222761618655220e+00 1.346635720822387405e+01 3.342360951712656458e+01 6.047188363929026167e+01 8.547832253431576532e+01 1.120354970394613900e+02 1.370807815136350882e+02
4.686367884743133594e+00 1.323640148090245461e+01 3.307952135708536190e+01 6.059575779124372019e+01 8.669251565493550515e+01 1.138885068566720378e+02 1.393569381716912687e+02
1.195883013329558153e+01 2.163528875037226129e+01 4.000613530787079242e+01 6.583666191292468284e+01 1.059106793222656790e+02 1.623883996084801424e+02 2.035484154809156792e+02
4.982582368199521383e+00 1.279846546067522794e+01 3.204502384594225362e+01 6.091481788068566772e+01 9.065815400515562317e+01 1.204685966200968750e+02 1.474824547377743045e+02
5.001134682945592935e+00 1.278245139956334242e+01 3.198880608286940586e+01 6.091829819428503612e+01 9.083692031895611763e+01 1.207865101832612567e+02 1.478649030795571946e+02
4.999564021157427263e+00 1.271399186516741153e+01 3.191807592574015118e+01 6.099950642675598544e+01 9.116418178882518930e+01 1.213433667980739585e+02 1.485660228099965821e+02
6.681174283049225338e+00 1.353590038676445495e+01 3.059450298600449614e+01 5.995266797327091979e+01 9.867690300898200917e+01 1.379189587259795928e+02 1.681219183535601758e+02
7.498244716310471070e+00 1.446745903317958515e+01 3.103182089350170969e+01 5.960318313007617519e+01 1.002913874317340941e+02 1.434101267503878603e+02 1.746935387897865724e+02
5.031560481121760020e+00 1.289891000517004649e+01 3.218560601490180773e+01 6.107989064460246453e+01 9.103360149647062372e+01 1.210987866727119808e+02 1.483300119948162319e+02
7.909429719778437118e+00 1.501499297075635653e+01 3.148085967188501755e+01 5.970173897751601544e+01 1.009683208415254683e+02 1.458367861348237966e+02 1.776788269820887649e+02
6.322309464364140652e+00 1.323788645820404675e+01 3.072444265326971191e+01 6.038825580517926284e+01 9.778676026334365190e+01 1.350533388799627232e+02 1.648295100449077779e+02
4.833313036481968084e+00 1.320502252986949721e+01 3.303026563881309841e+01 6.116259356209227604e+01 8.864700090467593441e+01 1.170722590824991158e+02 1.434294749985314752e+02
1.157882884723126793e+01 2.093935492307070945e+01 3.890911945564308638e+01 6.463662791518818551e+01 1.051601643285412138e+02 1.614522276167572841e+02 2.015020839703135778e+02
5.631976843028846602e+00 1.285497487825155893e+01 3.128520519610057704e+01 6.101198602487193057e+01 9.517401914651790662e+01 1.288065458368214706e+02 1.575723144643856415e+02
1.032257289473352024e+01 1.871352784364584210e+01 3.568486586856818832e+01 6.161147621965363186e+01 1.034372410945691030e+02 1.573186807706351260e+02 1.938586034634356281e+02
4.855299965213911939e+00 1.335780593981311881e+01 3.341351242643835917e+01 6.139610946641613509e+01 8.829704548227471150e+01 1.165907043446035942e+02 1.428247986628663853e+02
6.053693712908234659e+00 1.307834708281007430e+01 3.106261152265462755e+01 6.095224795856961464e+01 9.704218510926118313e+01 1.327845058098478148e+02 1.622672356216903324e+02
5.049512299737122234e+00 1.303134238958451974e+01 3.262890386153250688e+01 6.153136919102029623e+01 9.118056509277430166e+01 1.212785804843352082e+02 1.486073876870781589e+02
4.732607397046154851e+00 1.407492980564266638e+01 3.455060219594323456e+01 6.105930483409569121e+01 8.468216171681874016e+01 1.112547772727053399e+02 1.361930971988577710e+02
1.107279372521745131e+01 2.003439252370480617e+01 3.758361013738799983e+01 6.327990131917037075e+01 1.044804016045103339e+02 1.600817858738951145e+02 1.986424645469301993e+02
1.218990019849156958e+01 2.206903869498523107e+01 4.077560952433898223e+01 6.691491206025753513e+01 1.070886009157214858e+02 1.638113720807868674e+02 2.053677010221568366e+02
5.098934005306366757e+00 1.304586708305706999e+01 3.259594152544546830e+01 6.165685817039350525e+01 9.166549627023699998e+01 1.221153266376719984e+02 1.496741190646130519e+02
5.051016838516429353e+00 1.310033412994155455e+01 3.278813580570410835e+01 6.171516222051418765e+01 9.126486385601685924e+01 1.214326783529268425e+02 1.488628846912992856e+02
9.077924746984963988e+00 1.673929066834017831e+01 3.336218385008984200e+01 6.046045994972947568e+01 1.027908868512127896e+02 1.524096941809191037e+02 1.862399097805968324e+02
5.210409655254097494e+00 1.299973513169973671e+01 3.239591272314127934e+01 6.180827851971873343e+01 9.275269996405874906e+01 1.239871098601070116e+02 1.520251400695488826e+02
7.473332225485942004e+00 1.450658686911231143e+01 3.147366837269732187e+01 6.043782806898376947e+01 1.009672659523924665e+02 1.436257632053997781e+02 1.751354781992859841e+02
5.039985533554196984e+00 1.315697885374147980e+01 3.296320840754652437e+01 6.195271394946496457e+01 9.124389806776538592e+01 1.214647933922868503e+02 1.489309893269965812e+02
5.483853178406092432e+00 1.297403680853825669e+01 3.196122252381665163e+01 6.181327760503247504e+01 9.466552445693496054e+01 1.275887295308696139e+02 1.563494076700091284e+02
1.059477233513355898e+01 1.921999808583617408e+01 3.645752938232237739e+01 6.236232356105924879e+01 1.041934836612299193e+02 1.587809879679498692e+02 1.959522635233870176e+02
1.184229258234633697e+01 2.144664251651966680e+01 3.979171122583240106e+01 6.571644403203785600e+01 1.063383986707776501e+02 1.629917178130399407e+02 2.035720525580466074e+02
1.252455333207126031e+01 2.270654028935068069e+01 4.186251326362834391e+01 6.833901806984944471e+01 1.085010094766812045e+02 1.653567278711518895e+02 2.075651936156121167e+02
4.731033494033928477e+00 1.423736875402069835e+01 3.498668434139020178e+01 6.162161313510284089e+01 8.509135182701254507e+01 1.122398721944572060e+02 1.374238578142129370e+02
8.894005071410642671e+00 1.645979304164452728e+01 3.319738620496917747e+01 6.061307566837614758e+01 1.030258206446927574e+02 1.517326156082610851e+02 1.852471104502921264e+02
1.313253972230941891e+01 2.384901089820721154e+01 4.384095478881503283e+01 7.123422423838714224e+01 1.115304042799426867e+02 1.683092675660685131e+02 2.112485632202735815e+02
1.214718111798945088e+01 2.198446973625698320e+01 4.068961523375902800e+01 6.683787136698234121e+01 1.072693195278075962e+02 1.640874089781250404e+02 2.054429918104115700e+02
4.833842204532018627e+00 1.365071189947903463e+01 3.427090041663971931e+01 6.206069447945804995e+01 8.819931819957626828e+01 1.167775966124522569e+02 1.431434595945948161e+02
1.233504725377852296e+01 2.232487612292135992e+01 4.125781438133822121e+01 6.756181151024928511e+01 1.078840850479650868e+02 1.647830362375320874e+02 2.065628228675585945e+02
4.757245522168451757e+00 1.431158441983536456e+01 3.527214182817736798e+01 6.168690323554002219e+01 8.506883457516448743e+01 1.123430532165899365e+02 1.375557915961464346e+02
6.900478456513395642e+00 1.389756695471373682e+01 3.156145689652866082e+01 6.113956794277038398e+01 1.001901426350666782e+02 1.399985303264257084e+02 1.709866659028604374e+02
8.143730493438537721e+00 1.538350812711547455e+01 3.232478643110323446e+01 6.064833593740912931e+01 1.023632602062238988e+02 1.478482840368023119e+02 1.803124641968040862e+02
4.919983508145462814e+00 1.349834547039231758e+01 3.398439707153291778e+01 6.223565377262190168e+01 8.967037064016757597e+01 1.190851716746534521e+02 1.460136877201990160e+02
4.783834596433811370e+00 1.405541250332938397e+01 3.495283523636650358e+01 6.202786259832496540e+01 8.675154512549549679e+01 1.147315043025677852e+02 1.405996483843706244e+02
5.157859901304647998e+00 1.324246021373650706e+01 3.326553198757384422e+01 6.231217920784975917e+01 9.235058358740869267e+01 1.232712158232688893e+02 1.512424208714258498e+02
4.974731133652620763e+00 1.349850795391476588e+01 3.403446229456257299e+01 6.238943625662714965e+01 9.019072824595241400e+01 1.198656097109612801e+02 1.470182811169461559e+02
4.975482199780684844e+00 1.355011207404674245e+01 3.408576722296308503e+01 6.243610667138485582e+01 9.002688186146630756e+01 1.196170784102978786e+02 1.467072193156098194e+02
4.865018710835590454e+00 1.386485582129651029e+01 3.465606078876115959e+01 6.231166839350902364e+01 8.808086636159332272e+01 1.167403994321346516e+02 1.431323912201740995e+02
6.143203771919944600e+00 1.336981956481999312e+01 3.195643991007902329e+01 6.197472073124477987e+01 9.807152987079892625e+01 1.341260380999096071e+02 1.642587252433025071e+02
1.078161506713754036e+01 1.954162407678109048e+01 3.705223639344002606e+01 6.302726152946267035e+01 1.050052206095570710e+02 1.599932218018876142e+02 1.974945984255873555e+02
6.192769225066059313e+00 1.341525336428705906e+01 3.196196707583687768e+01 6.200835172991206434e+01 9.824863754745543076e+01 1.345523423293555823e+02 1.647703223484792545e+02
5.813427928839550063e+00 1.327419890257910318e+01 3.239569542819729975e+01 6.235172568905331758e+01 9.649706005755935223e+01 1.309100586410953042e+02 1.605256927740071262e+02
1.267311908313699043e+01 2.297555630450878894e+01 4.237086171104927956e+01 6.906741642727463670e+01 1.094129710590025724e+02 1.664278237909723828e+02 2.088338665074759888e+02
1.104848145413484950e+01 2.000546095606526009e+01 3.771962857431965688e+01 6.363282058830453991e+01 1.054040424810984717e+02 1.609693224493614707e+02 1.991963032838020524e+02
7.523530825086446328e+00 1.465580718104478208e+01 3.203865437661345794e+01 6.127425167577427345e+01 1.018177345741729738e+02 1.442150210176532994e+02 1.761061756383166710e+02
9.500650999217437942e+00 1.742039905196739724e+01 3.440658093092295644e+01 6.144657217398851401e+01 1.041997845352028662e+02 1.549709968475982009e+02 1.896305758995479209e+02
1.065976383618524359e+01 1.932384883476206738e+01 3.676696795512638971e+01 6.287100968641222209e+01 1.051067024504137777e+02 1.597008294268521809e+02 1.968627185710954564e+02
7.086641583905857189e+00 1.421290874229937984e+01 3.197902836740391308e+01 6.174764545898443657e+01 1.010349966121785741e+02 1.412874638363273618e+02 1.727461764975134884e+02
5.319047762296222892e+00 1.346407515365653396e+01 3.353958060340472969e+01 6.294152364932342891e+01 9.311527964477069474e+01 1.247692881357553034e+02 1.531476205141919706e+02
9.876324874052883729e+00 1.801813609391708226e+01 3.509671986160065416e+01 6.183998863458764106e+01 1.045987809505629684e+02 1.565984141254989481e+02 1.920085831858098402e+02
5.464689191069155072e+00 1.345480337412837279e+01 3.335310432576589079e+01 6.299533635713842017e+01 9.414122125744107450e+01 1.265098481839754214e+02 1.553054426446734340e+02
1.149285963170751579e+01 2.079094371735510904e+01 3.886835507215176477e+01 6.485004481959478539e+01 1.063232095703817066e+02 1.626593259549366053e+02 2.019995067435109206e+02
6.604867243361874252e+00 1.384079369957649419e+01 3.211697625429773240e+01 6.228679087973664252e+01 9.971903306050269578e+01 1.376099577334812523e+02 1.685713257828217309e+02
6.597340769677289884e+00 1.384544094331281094e+01 3.215202763522026430e+01 6.234046952210513837e+01 9.974573897679115930e+01 1.375869858339218013e+02 1.685676312137902357e+02
8.556761890170404783e+00 1.604195553596867185e+01 3.308379013438635496e+01 6.139159373500554295e+01 1.036993074570599731e+02 1.502614465560167503e+02 1.835425823868103237e+02
5.836425174697140505e+00 1.351135547788557290e+01 3.289949855045027505e+01 6.304076455944855439e+01 9.646055250741855502e+01 1.306430332340323446e+02 1.603622659235016670e+02
7.642025423643757698e+00 1.486854564118794109e+01 3.235823096192994086e+01 6.183648277586359399e+01 1.024432478978658736e+02 1.448238792138914448e+02 1.770512197390943925e+02
1.146914407391747659e+01 2.073298375790897552e+01 3.879414846929483929e+01 6.480567203729641790e+01 1.064184129852200016e+02 1.627207654772839192e+02 2.019040531479593596e+02
6.959820982590970928e+00 1.420477722190058323e+01 3.222317721899686660e+01 6.229731187459191943e+01 1.009138704662127566e+02 1.402634455709990391e+02 1.717147654390696516e+02
9.674064623006865205e+00 1.770822369497638249e+01 3.481022562033673040e+01 6.193287654028826950e+01 1.048429820981732092e+02 1.558551270272022862e+02 1.908644580530430517e+02
9.964971007949376514e+00 1.816830451369805033e+01 3.533912491194455896e+01 6.217223341739005349e+01 1.050731662656279752e+02 1.571126136779990361e+02 1.926500682352483977e+02
9.246920382266241134e+00 1.704700382770371547e+01 3.411973283878860741e+01 6.174959707130410891e+01 1.045565610326603263e+02 1.538586401165899531e+02 1.881239444553491182e+02
5.218700952208208399e+00 1.403276118671064587e+01 3.482726979077246909e+01 6.362053587636615504e+01 9.124071065600568886e+01 1.220355988847116038e+02 1.497889162947786019e+02
5.190751440292499019e+00 1.408069417458360206e+01 3.493119915477091553e+01 6.361261350636480216e+01 9.088928620400598390e+01 1.215159267351669001e+02 1.491463952050114585e+02
5.266005679326334565e+00 1.399517096559774032e+01 3.472696567355288977e+01 6.365391805821390392e+01 9.161498343207300366e+01 1.225972256707099035e+02 1.504831704151864926e+02
4.949927958534083849e+00 1.500546733642470443e+01 3.662003325186101677e+01 6.322940803417732525e+01 8.600955434152362500e+01 1.147870726332796210e+02 1.405774337775792731e+02
9.050691793490681647e+00 1.674196027959282773e+01 3.383845304375899588e+01 6.187590510794382226e+01 1.045757769028137716e+02 1.529025873776350011e+02 1.868927432272355702e+02
6.702226279283259203e+00 1.403123945503559433e+01 3.253640692891973885e+01 6.304022514551661516e+01 1.002512035471060017e+02 1.381820673620781008e+02 1.694204348500919934e+02
8.165833351775400928e+00 1.552784746401157001e+01 3.291776565874492633e+01 6.208168689851044775e+01 1.036618918197429622e+02 1.480878465162961675e+02 1.810224394163248292e+02
9.791550264541124093e+00 1.787023779397012646e+01 3.509023589767171813e+01 6.229999345898077223e+01 1.052756901497067616e+02 1.565642388817847461e+02 1.917164637056059746e+02
1.032468511648983345e+01 1.874224091530120262e+01 3.613398363504477828e+01 6.284447682251271772e+01 1.056765495842578133e+02 1.589044863375763725e+02 1.950714528780599437e+02
1.159198750613894369e+01 2.094056827317695024e+01 3.917432216718599847e+01 6.533256231670624459e+01 1.070353136392036504e+02 1.635603362837912300e+02 2.028676881687621858e+02
7.723067194328807616e+00 1.500803558365911883e+01 3.273218742612199605e+01 6.245221037919999674e+01 1.030157635274234451e+02 1.454432317193264623e+02 1.779422244158005526e+02
7.955336829676676658e+00 1.528119058856063717e+01 3.287757739421463299e+01 6.235448082479430099e+01 1.034559703606439740e+02 1.468992948196173813e+02 1.796784876128646431e+02
1.069814071173380299e+01 1.937744534101748783e+01 3.698164302987554208e+01 6.345176012142077582e+01 1.061729375582840760e+02 1.605209089093443424e+02 1.975181692157998725e+02
1.277239428319095005e+01 2.313874599887329708e+01 4.266780246407953570e+01 6.957342335410048406e+01 1.102548331978204459e+02 1.676342765110419464e+02 2.099899469662032061e+02
1.075640197243348872e+01 1.947845608404240281e+01 3.711920872927582593e+01 6.355511572398584264e+01 1.062480527729152300e+02 1.607618480309034226e+02 1.978930128885147042e+02
1.291653195435000612e+01 2.341260287023250086e+01 4.313203625752398551e+01 7.023617818328123974e+01 1.108958635135942359e+02 1.682876909274370405e+02 2.108807696320343439e+02
6.086601875483148127e+00 1.383266269589146269e+01 3.347489685799060766e+01 6.397271428493297662e+01 9.773117293349362456e+01 1.327271226650016445e+02 1.630858980454472658e+02
5.823423016139072317e+00 1.387667873935241758e+01 3.399208691254678172e+01 6.415289137851706869e+01 9.613315710606887876e+01 1.298700656031067240e+02 1.596053331449800226e+02
1.311988426002705488e+01 2.380859857975230653e+01 4.381230942947296825e+01 7.124221395675370161e+01 1.119338149983728101e+02 1.692885792328286527e+02 2.121431400194167338e+02
1.034956025811230163e+01 1.879866775791179379e+01 3.627970963581042696e+01 6.309331401376426385e+01 1.061261431558114339e+02 1.592519528783719522e+02 1.954490458200887986e+02
1.126827359416923890e+01 2.036571624603673314e+01 3.838623088820684615e+01 6.466791651726211398e+01 1.068991818545341914e+02 1.627393873853153252e+02 2.010917990230283579e+02
7.020710805397262888e+00 1.437761190726032190e+01 3.295121377203501112e+01 6.342515703762283152e+01 1.015429229369438815e+02 1.406549329385928502e+02 1.725092669272810326e+02
1.176994898603815010e+01 2.126158566710926578e+01 3.968893735747622742e+01 6.594774766532961507e+01 1.076380855946833606e+02 1.644503214565110625e+02 2.041326522824119820e+02
5.147284714891070756e+00 1.532118418655844039e+01 3.708183792986419292e+01 6.396271479060611398e+01 8.728853103405940317e+01 1.169850316309880611e+02 1.433283643213583787e+02
5.554178320486550469e+00 1.421795371723821866e+01 3.500710175823000725e+01 6.458970834362550306e+01 9.382008185283498847e+01 1.263089553464008929e+02 1.551562055200378722e+02
5.260409486208630803e+00 1.482765879475523896e+01 3.629022459434410308e+01 6.441505026958985525e+01 8.982668533497005114e+01 1.205789611238105152e+02 1.479156832475097474e+02
6.544824736975303203e+00 1.415657298151220012e+01 3.342778824416200223e+01 6.409313067941549491e+01 9.991219834679986889e+01 1.368664989276571475e+02 1.681063776611722460e+02
9.432027418530859464e+00 1.737728653853641703e+01 3.476030672132353061e+01 6.272230923776395173e+01 1.057555601706871187e+02 1.552930927088917485e+02 1.899501024014242319e+02
9.882511532345660044e+00 1.807507514448058572e+01 3.549788435744179793e+01 6.294157799755409144e+01 1.060880246328696757e+02 1.574329547964233313e+02 1.927943628209861799e+02
