1.100000000000000000e+01 2.800000000000000000e+01 4.072999999999999687e+01
1.200000000000000000e+01 4.517999999999999972e+01 3.464000000000000057e+01
1.400000000000000000e+01 4.954999999999999716e+01 1.544999999999999929e+01
1.800000000000000000e+01 5.827000000000000313e+01 1.844999999999999929e+01
1.900000000000000000e+01 1.900000000000000000e+01 1.673000000000000043e+01
2.400000000000000000e+01 5.172999999999999687e+01 4.854999999999999716e+01
2.500000000000000000e+01 2.717999999999999972e+01 1.226999999999999957e+01
3.100000000000000000e+01 2.555000000000000071e+01 1.408999999999999986e+01
3.400000000000000000e+01 5.909000000000000341e+01 5.054999999999999716e+01
4.000000000000000000e+01 9.426999999999999602e+01 3.890999999999999659e+01
4.100000000000000000e+01 3.890999999999999659e+01 2.344999999999999929e+01
4.600000000000000000e+01 7.000000000000000000e+01 1.255000000000000071e+01
4.700000000000000000e+01 9.509000000000000341e+01 4.545000000000000284e+01
4.800000000000000000e+01 1.273000000000000043e+01 1.144999999999999929e+01
4.900000000000000000e+01 3.672999999999999687e+01 4.382000000000000028e+01
5.000000000000000000e+01 5.200000000000000000e+01 5.590999999999999659e+01
5.100000000000000000e+01 1.016400000000000006e+02 5.282000000000000028e+01
5.200000000000000000e+01 1.955000000000000071e+01 2.664000000000000057e+01
5.300000000000000000e+01 3.727000000000000313e+01 2.891000000000000014e+01
5.400000000000000000e+01 6.017999999999999972e+01 3.100000000000000000e+01
5.500000000000000000e+01 2.117999999999999972e+01 5.254999999999999716e+01
5.600000000000000000e+01 6.754999999999999716e+01 5.154999999999999716e+01
5.800000000000000000e+01 9.481999999999999318e+01 1.691000000000000014e+01
5.900000000000000000e+01 8.526999999999999602e+01 3.327000000000000313e+01
6.000000000000000000e+01 7.435999999999999943e+01 5.627000000000000313e+01
6.100000000000000000e+01 8.364000000000000057e+01 3.417999999999999972e+01
6.200000000000000000e+01 1.523600000000000136e+02 1.135999999999999943e+01
6.300000000000000000e+01 6.918000000000000682e+01 4.635999999999999943e+01
6.400000000000000000e+01 9.564000000000000057e+01 3.835999999999999943e+01
6.500000000000000000e+01 9.454999999999999716e+01 2.126999999999999957e+01
6.600000000000000000e+01 9.345000000000000284e+01 3.272999999999999687e+01
6.700000000000000000e+01 2.035999999999999943e+01 2.535999999999999943e+01
6.800000000000000000e+01 6.045000000000000284e+01 5.145000000000000284e+01
6.900000000000000000e+01 4.217999999999999972e+01 5.300000000000000000e+01
7.000000000000000000e+01 1.008199999999999932e+02 1.364000000000000057e+01
7.100000000000000000e+01 7.518000000000000682e+01 3.535999999999999943e+01
7.200000000000000000e+01 1.349099999999999966e+02 5.417999999999999972e+01
7.300000000000000000e+01 1.327299999999999898e+02 3.155000000000000071e+01
7.500000000000000000e+01 1.338199999999999932e+02 5.754999999999999716e+01
7.600000000000000000e+01 7.409000000000000341e+01 1.917999999999999972e+01
7.700000000000000000e+01 1.135999999999999943e+01 2.517999999999999972e+01
7.800000000000000000e+01 7.218000000000000682e+01 1.455000000000000071e+01
7.900000000000000000e+01 7.845000000000000284e+01 1.117999999999999972e+01
8.000000000000000000e+01 5.364000000000000057e+01 1.564000000000000057e+01
8.100000000000000000e+01 5.472999999999999687e+01 5.854999999999999716e+01
8.200000000000000000e+01 1.332700000000000102e+02 1.326999999999999957e+01
8.300000000000000000e+01 4.654999999999999716e+01 5.517999999999999972e+01
8.400000000000000000e+01 8.226999999999999602e+01 5.435999999999999943e+01
8.500000000000000000e+01 1.070900000000000034e+02 1.535999999999999943e+01
8.600000000000000000e+01 1.567299999999999898e+02 2.373000000000000043e+01
8.700000000000000000e+01 3.427000000000000313e+01 4.790999999999999659e+01
8.800000000000000000e+01 1.379099999999999966e+02 3.117999999999999972e+01
8.900000000000000000e+01 1.321800000000000068e+02 5.954999999999999716e+01
9.000000000000000000e+01 7.135999999999999943e+01 5.127000000000000313e+01
9.100000000000000000e+01 1.000000000000000000e+01 3.335999999999999943e+01
9.200000000000000000e+01 5.282000000000000028e+01 4.317999999999999972e+01
9.300000000000000000e+01 1.174500000000000028e+02 2.355000000000000071e+01
9.400000000000000000e+01 7.873000000000000398e+01 3.000000000000000000e+01
9.500000000000000000e+01 4.764000000000000057e+01 2.755000000000000071e+01
9.600000000000000000e+01 5.390999999999999659e+01 2.000000000000000000e+01
9.700000000000000000e+01 1.368199999999999932e+02 5.572999999999999687e+01
9.800000000000000000e+01 9.373000000000000398e+01 1.644999999999999929e+01
9.900000000000000000e+01 6.509000000000000341e+01 1.435999999999999943e+01
1.000000000000000000e+02 1.564499999999999886e+02 1.555000000000000071e+01
1.010000000000000000e+02 9.781999999999999318e+01 2.473000000000000043e+01
1.020000000000000000e+02 7.926999999999999602e+01 4.590999999999999659e+01
1.030000000000000000e+02 1.452700000000000102e+02 3.309000000000000341e+01
1.040000000000000000e+02 5.309000000000000341e+01 4.709000000000000341e+01
1.050000000000000000e+02 1.578199999999999932e+02 5.290999999999999659e+01
1.060000000000000000e+02 7.354999999999999716e+01 5.472999999999999687e+01
1.070000000000000000e+02 1.559099999999999966e+02 5.790999999999999659e+01
1.080000000000000000e+02 4.109000000000000341e+01 5.309000000000000341e+01
1.090000000000000000e+02 1.256400000000000006e+02 2.691000000000000014e+01
1.100000000000000000e+02 1.392700000000000102e+02 1.982000000000000028e+01
1.110000000000000000e+02 2.391000000000000014e+01 5.400000000000000000e+01
1.120000000000000000e+02 1.324499999999999886e+02 4.835999999999999943e+01
1.130000000000000000e+02 1.556399999999999864e+02 4.582000000000000028e+01
1.140000000000000000e+02 3.945000000000000284e+01 3.082000000000000028e+01
1.150000000000000000e+02 5.145000000000000284e+01 2.117999999999999972e+01
1.160000000000000000e+02 3.372999999999999687e+01 3.864000000000000057e+01
1.170000000000000000e+02 7.300000000000000000e+01 2.955000000000000071e+01
1.180000000000000000e+02 9.945000000000000284e+01 4.245000000000000284e+01
1.190000000000000000e+02 1.398199999999999932e+02 2.673000000000000043e+01
1.200000000000000000e+02 4.627000000000000313e+01 3.827000000000000313e+01
1.210000000000000000e+02 1.735999999999999943e+01 3.227000000000000313e+01
1.220000000000000000e+02 1.499099999999999966e+02 1.755000000000000071e+01
1.230000000000000000e+02 3.235999999999999943e+01 5.982000000000000028e+01
1.240000000000000000e+02 1.477299999999999898e+02 1.800000000000000000e+01
1.250000000000000000e+02 8.200000000000000000e+01 1.064000000000000057e+01
1.260000000000000000e+02 8.009000000000000341e+01 4.235999999999999943e+01
1.270000000000000000e+02 1.218199999999999932e+02 4.409000000000000341e+01
1.280000000000000000e+02 1.360000000000000000e+02 2.364000000000000057e+01
1.290000000000000000e+02 1.480000000000000000e+02 4.917999999999999972e+01
1.300000000000000000e+02 6.864000000000000057e+01 2.017999999999999972e+01
1.310000000000000000e+02 1.136400000000000006e+02 4.454999999999999716e+01
1.320000000000000000e+02 1.428199999999999932e+02 4.254999999999999716e+01
1.330000000000000000e+02 1.474499999999999886e+02 2.491000000000000014e+01
1.340000000000000000e+02 2.744999999999999929e+01 3.035999999999999943e+01
1.350000000000000000e+02 4.135999999999999943e+01 3.445000000000000284e+01
1.360000000000000000e+02 3.564000000000000057e+01 5.554999999999999716e+01
1.370000000000000000e+02 2.200000000000000000e+01 2.900000000000000000e+01
1.380000000000000000e+02 1.515500000000000114e+02 2.482000000000000028e+01
1.390000000000000000e+02 1.087300000000000040e+02 5.935999999999999943e+01
1.400000000000000000e+02 9.290999999999999659e+01 4.535999999999999943e+01
1.410000000000000000e+02 1.469099999999999966e+02 3.872999999999999687e+01
1.420000000000000000e+02 3.454999999999999716e+01 4.554999999999999716e+01
1.430000000000000000e+02 1.073599999999999994e+02 2.455000000000000071e+01
1.440000000000000000e+02 1.081800000000000068e+02 4.682000000000000028e+01
1.450000000000000000e+02 5.772999999999999687e+01 5.227000000000000313e+01
1.460000000000000000e+02 8.854999999999999716e+01 4.372999999999999687e+01
1.470000000000000000e+02 5.064000000000000057e+01 4.327000000000000313e+01
1.480000000000000000e+02 1.580900000000000034e+02 5.964000000000000057e+01
1.490000000000000000e+02 1.572700000000000102e+02 2.235999999999999943e+01
1.500000000000000000e+02 6.372999999999999687e+01 2.200000000000000000e+01
1.510000000000000000e+02 1.357299999999999898e+02 4.064000000000000057e+01
1.520000000000000000e+02 4.545000000000000284e+01 3.209000000000000341e+01
1.530000000000000000e+02 1.570000000000000000e+02 5.917999999999999972e+01
1.540000000000000000e+02 1.493600000000000136e+02 5.272999999999999687e+01
1.550000000000000000e+02 5.935999999999999943e+01 3.845000000000000284e+01
1.560000000000000000e+02 6.564000000000000057e+01 3.645000000000000284e+01
1.570000000000000000e+02 1.302700000000000102e+02 5.335999999999999943e+01
1.580000000000000000e+02 3.126999999999999957e+01 4.500000000000000000e+01
1.590000000000000000e+02 7.273000000000000398e+01 1.826999999999999957e+01
1.600000000000000000e+02 1.844999999999999929e+01 4.990999999999999659e+01
1.610000000000000000e+02 5.500000000000000000e+01 4.864000000000000057e+01
1.620000000000000000e+02 7.190999999999999659e+01 4.817999999999999972e+01
1.630000000000000000e+02 3.645000000000000284e+01 3.782000000000000028e+01
1.640000000000000000e+02 1.234500000000000028e+02 4.645000000000000284e+01
1.650000000000000000e+02 4.709000000000000341e+01 4.145000000000000284e+01
1.660000000000000000e+02 3.100000000000000000e+01 4.109000000000000341e+01
1.670000000000000000e+02 6.182000000000000028e+01 5.454999999999999716e+01
1.680000000000000000e+02 1.240000000000000000e+02 4.909000000000000341e+01
1.690000000000000000e+02 8.500000000000000000e+01 5.009000000000000341e+01
1.700000000000000000e+02 2.526999999999999957e+01 1.500000000000000000e+01
1.710000000000000000e+02 6.945000000000000284e+01 2.864000000000000057e+01
1.720000000000000000e+02 3.073000000000000043e+01 4.727000000000000313e+01
1.730000000000000000e+02 1.237300000000000040e+02 1.608999999999999986e+01
1.740000000000000000e+02 1.275499999999999972e+02 3.690999999999999659e+01
1.750000000000000000e+02 8.335999999999999943e+01 4.335999999999999943e+01
1.760000000000000000e+02 1.553600000000000136e+02 3.427000000000000313e+01
1.770000000000000000e+02 8.173000000000000398e+01 2.091000000000000014e+01
1.780000000000000000e+02 5.882000000000000028e+01 4.154999999999999716e+01
1.790000000000000000e+02 3.590999999999999659e+01 2.073000000000000043e+01
1.800000000000000000e+02 9.726999999999999602e+01 1.764000000000000057e+01
1.810000000000000000e+02 1.270000000000000000e+02 3.564000000000000057e+01
1.820000000000000000e+02 6.973000000000000398e+01 4.572999999999999687e+01
1.830000000000000000e+02 3.182000000000000028e+01 3.917999999999999972e+01
1.840000000000000000e+02 6.264000000000000057e+01 4.482000000000000028e+01
1.850000000000000000e+02 1.450000000000000000e+02 1.191000000000000014e+01
1.860000000000000000e+02 4.054999999999999716e+01 4.027000000000000313e+01
1.870000000000000000e+02 1.548199999999999932e+02 5.664000000000000057e+01
1.880000000000000000e+02 9.590999999999999659e+01 1.264000000000000057e+01
1.890000000000000000e+02 1.253599999999999994e+02 2.282000000000000028e+01
1.900000000000000000e+02 1.376399999999999864e+02 3.764000000000000057e+01
1.910000000000000000e+02 1.027300000000000040e+02 2.291000000000000014e+01
1.920000000000000000e+02 1.420000000000000000e+02 2.035999999999999943e+01
1.930000000000000000e+02 1.005499999999999972e+02 2.982000000000000028e+01
1.940000000000000000e+02 9.264000000000000057e+01 2.600000000000000000e+01
1.950000000000000000e+02 6.809000000000000341e+01 1.173000000000000043e+01
1.960000000000000000e+02 4.572999999999999687e+01 5.045000000000000284e+01
1.970000000000000000e+02 1.441800000000000068e+02 2.764000000000000057e+01
1.980000000000000000e+02 1.597299999999999898e+02 2.682000000000000028e+01
1.990000000000000000e+02 4.845000000000000284e+01 4.035999999999999943e+01
2.000000000000000000e+02 5.800000000000000000e+01 2.382000000000000028e+01
2.010000000000000000e+02 8.445000000000000284e+01 1.517999999999999972e+01
2.020000000000000000e+02 1.051800000000000068e+02 5.727000000000000313e+01
2.030000000000000000e+02 1.291800000000000068e+02 3.554999999999999716e+01
2.040000000000000000e+02 1.517999999999999972e+01 5.527000000000000313e+01
2.050000000000000000e+02 6.726999999999999602e+01 1.055000000000000071e+01
2.060000000000000000e+02 1.591800000000000068e+02 2.908999999999999986e+01
2.070000000000000000e+02 1.278199999999999932e+02 5.564000000000000057e+01
2.080000000000000000e+02 2.935999999999999943e+01 3.672999999999999687e+01
2.090000000000000000e+02 5.335999999999999943e+01 2.973000000000000043e+01
2.100000000000000000e+02 7.464000000000000057e+01 3.135999999999999943e+01
2.110000000000000000e+02 6.400000000000000000e+01 4.882000000000000028e+01
2.120000000000000000e+02 3.482000000000000028e+01 4.800000000000000000e+01
2.130000000000000000e+02 8.254999999999999716e+01 4.000000000000000000e+01
2.140000000000000000e+02 8.800000000000000000e+01 4.135999999999999943e+01
2.150000000000000000e+02 7.764000000000000057e+01 5.827000000000000313e+01
2.160000000000000000e+02 1.220900000000000034e+02 2.873000000000000043e+01
2.170000000000000000e+02 1.400900000000000034e+02 3.390999999999999659e+01
2.180000000000000000e+02 6.209000000000000341e+01 1.682000000000000028e+01
2.190000000000000000e+02 1.092699999999999960e+02 3.809000000000000341e+01
2.200000000000000000e+02 3.317999999999999972e+01 5.390999999999999659e+01
2.210000000000000000e+02 1.010900000000000034e+02 1.100000000000000000e+01
2.220000000000000000e+02 7.245000000000000284e+01 1.473000000000000043e+01
2.230000000000000000e+02 3.264000000000000057e+01 5.082000000000000028e+01
2.240000000000000000e+02 5.609000000000000341e+01 4.935999999999999943e+01
2.250000000000000000e+02 9.400000000000000000e+01 4.827000000000000313e+01
2.260000000000000000e+02 1.245499999999999972e+02 4.872999999999999687e+01
2.270000000000000000e+02 1.103599999999999994e+02 2.582000000000000028e+01
2.280000000000000000e+02 1.160900000000000034e+02 4.364000000000000057e+01
2.290000000000000000e+02 9.535999999999999943e+01 3.817999999999999972e+01
2.300000000000000000e+02 4.600000000000000000e+01 2.564000000000000057e+01
2.310000000000000000e+02 1.526399999999999864e+02 4.009000000000000341e+01
2.320000000000000000e+02 1.182699999999999960e+02 2.926999999999999957e+01
2.330000000000000000e+02 1.408999999999999986e+01 1.482000000000000028e+01
2.340000000000000000e+02 1.152699999999999960e+02 2.964000000000000057e+01
2.350000000000000000e+02 4.245000000000000284e+01 4.190999999999999659e+01
2.360000000000000000e+02 8.718000000000000682e+01 4.927000000000000313e+01
2.370000000000000000e+02 6.072999999999999687e+01 3.790999999999999659e+01
2.380000000000000000e+02 1.030000000000000000e+02 5.245000000000000284e+01
2.390000000000000000e+02 1.130900000000000034e+02 5.317999999999999972e+01
2.400000000000000000e+02 1.250900000000000034e+02 5.182000000000000028e+01
2.410000000000000000e+02 8.964000000000000057e+01 1.708999999999999986e+01
2.420000000000000000e+02 8.309000000000000341e+01 5.617999999999999972e+01
2.430000000000000000e+02 2.608999999999999986e+01 2.217999999999999972e+01
2.440000000000000000e+02 7.900000000000000000e+01 2.844999999999999929e+01
2.450000000000000000e+02 5.227000000000000313e+01 2.100000000000000000e+01
2.460000000000000000e+02 7.818000000000000682e+01 4.172999999999999687e+01
2.470000000000000000e+02 2.908999999999999986e+01 2.591000000000000014e+01
2.480000000000000000e+02 9.209000000000000341e+01 2.055000000000000071e+01
2.490000000000000000e+02 4.927000000000000313e+01 4.117999999999999972e+01
2.500000000000000000e+02 9.973000000000000398e+01 3.964000000000000057e+01
2.510000000000000000e+02 5.664000000000000057e+01 3.264000000000000057e+01
2.520000000000000000e+02 8.990999999999999659e+01 1.773000000000000043e+01
2.530000000000000000e+02 5.854999999999999716e+01 2.500000000000000000e+01
2.540000000000000000e+02 2.173000000000000043e+01 1.164000000000000057e+01
2.550000000000000000e+02 1.425500000000000114e+02 3.717999999999999972e+01
2.560000000000000000e+02 7.109000000000000341e+01 2.555000000000000071e+01
2.570000000000000000e+02 1.682000000000000028e+01 4.354999999999999716e+01
2.580000000000000000e+02 1.414499999999999886e+02 5.735999999999999943e+01
2.590000000000000000e+02 1.223599999999999994e+02 3.400000000000000000e+01
2.600000000000000000e+02 2.882000000000000028e+01 5.845000000000000284e+01
2.610000000000000000e+02 1.507299999999999898e+02 2.635999999999999943e+01
2.620000000000000000e+02 1.982000000000000028e+01 4.735999999999999943e+01
2.630000000000000000e+02 1.561800000000000068e+02 5.864000000000000057e+01
2.640000000000000000e+02 8.881999999999999318e+01 3.435999999999999943e+01
2.650000000000000000e+02 8.935999999999999943e+01 4.282000000000000028e+01
2.660000000000000000e+02 9.809000000000000341e+01 1.726999999999999957e+01
2.670000000000000000e+02 1.873000000000000043e+01 4.417999999999999972e+01
2.680000000000000000e+02 1.319099999999999966e+02 1.808999999999999986e+01
2.690000000000000000e+02 1.035499999999999972e+02 3.590999999999999659e+01
2.700000000000000000e+02 3.400000000000000000e+01 2.708999999999999986e+01
2.710000000000000000e+02 4.682000000000000028e+01 2.544999999999999929e+01
2.720000000000000000e+02 2.417999999999999972e+01 5.172999999999999687e+01
2.730000000000000000e+02 3.782000000000000028e+01 1.955000000000000071e+01
2.740000000000000000e+02 6.535999999999999943e+01 1.635999999999999943e+01
2.750000000000000000e+02 7.081999999999999318e+01 4.627000000000000313e+01
2.760000000000000000e+02 6.127000000000000313e+01 4.445000000000000284e+01
2.770000000000000000e+02 1.040900000000000034e+02 4.982000000000000028e+01
2.780000000000000000e+02 7.164000000000000057e+01 1.400000000000000000e+01
2.790000000000000000e+02 3.017999999999999972e+01 3.682000000000000028e+01
2.800000000000000000e+02 1.267300000000000040e+02 1.344999999999999929e+01
2.810000000000000000e+02 6.426999999999999602e+01 2.626999999999999957e+01
2.820000000000000000e+02 2.282000000000000028e+01 5.090999999999999659e+01
2.830000000000000000e+02 3.809000000000000341e+01 2.800000000000000000e+01
2.840000000000000000e+02 9.754999999999999716e+01 4.217999999999999972e+01
2.850000000000000000e+02 6.700000000000000000e+01 1.582000000000000028e+01
2.860000000000000000e+02 3.864000000000000057e+01 1.073000000000000043e+01
2.870000000000000000e+02 8.118000000000000682e+01 2.426999999999999957e+01
2.880000000000000000e+02 1.164000000000000057e+01 2.464000000000000057e+01
2.890000000000000000e+02 2.255000000000000071e+01 4.182000000000000028e+01
2.900000000000000000e+02 1.417299999999999898e+02 3.372999999999999687e+01
2.910000000000000000e+02 5.417999999999999972e+01 3.600000000000000000e+01
2.920000000000000000e+02 1.409099999999999966e+02 3.108999999999999986e+01
2.930000000000000000e+02 6.345000000000000284e+01 3.582000000000000028e+01
2.940000000000000000e+02 1.390000000000000000e+02 2.882000000000000028e+01
2.950000000000000000e+02 1.537299999999999898e+02 5.582000000000000028e+01
2.960000000000000000e+02 1.340900000000000034e+02 3.727000000000000313e+01
2.970000000000000000e+02 1.594499999999999886e+02 3.527000000000000313e+01
2.980000000000000000e+02 7.381999999999999318e+01 5.000000000000000000e+01
2.990000000000000000e+02 1.466399999999999864e+02 1.573000000000000043e+01
3.000000000000000000e+02 5.717999999999999972e+01 4.390999999999999659e+01
3.010000000000000000e+02 2.635999999999999943e+01 2.991000000000000014e+01
3.020000000000000000e+02 1.210000000000000000e+02 5.817999999999999972e+01
3.030000000000000000e+02 6.481999999999999318e+01 3.700000000000000000e+01
3.040000000000000000e+02 6.590999999999999659e+01 1.017999999999999972e+01
3.050000000000000000e+02 1.264500000000000028e+02 5.072999999999999687e+01
3.060000000000000000e+02 8.090999999999999659e+01 4.127000000000000313e+01
3.070000000000000000e+02 1.411800000000000068e+02 2.226999999999999957e+01
3.080000000000000000e+02 2.964000000000000057e+01 4.527000000000000313e+01
3.090000000000000000e+02 3.917999999999999972e+01 1.373000000000000043e+01
3.100000000000000000e+02 1.504499999999999886e+02 4.654999999999999716e+01
3.110000000000000000e+02 1.463600000000000136e+02 4.164000000000000057e+01
3.120000000000000000e+02 1.373600000000000136e+02 4.745000000000000284e+01
3.130000000000000000e+02 1.120000000000000000e+02 2.826999999999999957e+01
3.140000000000000000e+02 1.381800000000000068e+02 1.926999999999999957e+01
3.150000000000000000e+02 5.964000000000000057e+01 2.082000000000000028e+01
3.160000000000000000e+02 1.000000000000000000e+02 3.517999999999999972e+01
3.170000000000000000e+02 1.600000000000000000e+01 1.355000000000000071e+01
3.180000000000000000e+02 1.082000000000000028e+01 2.617999999999999972e+01
3.190000000000000000e+02 1.531800000000000068e+02 4.345000000000000284e+01
3.200000000000000000e+02 1.310900000000000034e+02 3.126999999999999957e+01
3.210000000000000000e+02 8.418000000000000682e+01 1.700000000000000000e+01
3.220000000000000000e+02 7.954999999999999716e+01 5.764000000000000057e+01
3.230000000000000000e+02 5.527000000000000313e+01 4.490999999999999659e+01
3.240000000000000000e+02 1.354499999999999886e+02 1.735999999999999943e+01
3.250000000000000000e+02 7.654999999999999716e+01 5.635999999999999943e+01
3.260000000000000000e+02 7.626999999999999602e+01 5.700000000000000000e+01
3.270000000000000000e+02 1.283600000000000136e+02 2.573000000000000043e+01
3.280000000000000000e+02 1.217999999999999972e+01 1.217999999999999972e+01
3.290000000000000000e+02 1.062699999999999960e+02 1.382000000000000028e+01
3.300000000000000000e+02 1.109099999999999966e+02 3.055000000000000071e+01
3.310000000000000000e+02 1.100900000000000034e+02 3.490999999999999659e+01
3.320000000000000000e+02 1.060000000000000000e+02 2.155000000000000071e+01
3.330000000000000000e+02 4.027000000000000313e+01 2.655000000000000071e+01
3.340000000000000000e+02 1.046400000000000006e+02 1.426999999999999957e+01
3.350000000000000000e+02 4.982000000000000028e+01 4.617999999999999972e+01
3.360000000000000000e+02 1.231800000000000068e+02 1.291000000000000014e+01
3.370000000000000000e+02 7.735999999999999943e+01 5.482000000000000028e+01
3.380000000000000000e+02 1.013599999999999994e+02 3.354999999999999716e+01
3.390000000000000000e+02 9.890999999999999659e+01 1.000000000000000000e+01
3.400000000000000000e+02 1.286399999999999864e+02 4.972999999999999687e+01
3.410000000000000000e+02 9.864000000000000057e+01 4.517999999999999972e+01
3.420000000000000000e+02 1.095499999999999972e+02 1.491000000000000014e+01
3.430000000000000000e+02 7.709000000000000341e+01 2.108999999999999986e+01
3.440000000000000000e+02 4.164000000000000057e+01 5.409000000000000341e+01
3.450000000000000000e+02 1.207300000000000040e+02 3.900000000000000000e+01
3.460000000000000000e+02 1.185499999999999972e+02 4.054999999999999716e+01
3.470000000000000000e+02 6.235999999999999943e+01 1.273000000000000043e+01
3.480000000000000000e+02 7.681999999999999318e+01 4.082000000000000028e+01
3.490000000000000000e+02 1.204500000000000028e+02 5.835999999999999943e+01
3.500000000000000000e+02 1.496399999999999864e+02 4.900000000000000000e+01
3.510000000000000000e+02 1.542700000000000102e+02 5.464000000000000057e+01
3.520000000000000000e+02 1.155499999999999972e+02 3.200000000000000000e+01
3.530000000000000000e+02 1.447299999999999898e+02 2.435999999999999943e+01
3.540000000000000000e+02 6.835999999999999943e+01 5.100000000000000000e+01
3.550000000000000000e+02 1.111800000000000068e+02 3.382000000000000028e+01
3.560000000000000000e+02 1.335500000000000114e+02 4.700000000000000000e+01
3.570000000000000000e+02 9.181999999999999318e+01 1.308999999999999986e+01
3.580000000000000000e+02 8.145000000000000284e+01 3.482000000000000028e+01
3.590000000000000000e+02 7.981999999999999318e+01 1.155000000000000071e+01
3.600000000000000000e+02 1.133599999999999994e+02 5.654999999999999716e+01
3.610000000000000000e+02 1.926999999999999957e+01 1.182000000000000028e+01
3.620000000000000000e+02 2.691000000000000014e+01 2.944999999999999929e+01
3.630000000000000000e+02 1.326999999999999957e+01 2.173000000000000043e+01
3.640000000000000000e+02 2.064000000000000057e+01 1.991000000000000014e+01
3.650000000000000000e+02 1.403600000000000136e+02 1.235999999999999943e+01
3.660000000000000000e+02 1.300000000000000000e+02 5.972999999999999687e+01
3.670000000000000000e+02 8.690999999999999659e+01 3.772999999999999687e+01
3.680000000000000000e+02 1.248199999999999932e+02 1.317999999999999972e+01
3.690000000000000000e+02 7.600000000000000000e+01 2.244999999999999929e+01
3.700000000000000000e+02 5.582000000000000028e+01 3.954999999999999716e+01
3.710000000000000000e+02 1.382000000000000028e+01 5.064000000000000057e+01
3.720000000000000000e+02 1.512700000000000102e+02 5.945000000000000284e+01
3.730000000000000000e+02 2.226999999999999957e+01 3.709000000000000341e+01
3.740000000000000000e+02 6.290999999999999659e+01 1.744999999999999929e+01
3.750000000000000000e+02 8.609000000000000341e+01 2.791000000000000014e+01
3.760000000000000000e+02 7.490999999999999659e+01 4.290999999999999659e+01
3.770000000000000000e+02 1.079099999999999966e+02 3.945000000000000284e+01
3.780000000000000000e+02 1.534499999999999886e+02 1.782000000000000028e+01
3.790000000000000000e+02 1.026999999999999957e+01 1.208999999999999986e+01
3.800000000000000000e+02 4.382000000000000028e+01 3.509000000000000341e+01
3.810000000000000000e+02 4.464000000000000057e+01 2.064000000000000057e+01
3.820000000000000000e+02 7.054999999999999716e+01 5.600000000000000000e+01
3.830000000000000000e+02 2.308999999999999986e+01 1.526999999999999957e+01
3.840000000000000000e+02 1.201800000000000068e+02 5.327000000000000313e+01
3.850000000000000000e+02 1.550900000000000034e+02 4.717999999999999972e+01
3.860000000000000000e+02 4.190999999999999659e+01 4.100000000000000000e+01
3.870000000000000000e+02 1.529099999999999966e+02 1.900000000000000000e+01
3.880000000000000000e+02 8.826999999999999602e+01 1.908999999999999986e+01
3.890000000000000000e+02 1.384499999999999886e+02 2.255000000000000071e+01
3.900000000000000000e+02 1.226400000000000006e+02 2.135999999999999943e+01
3.910000000000000000e+02 1.106400000000000006e+02 1.126999999999999957e+01
3.920000000000000000e+02 4.409000000000000341e+01 5.117999999999999972e+01
3.930000000000000000e+02 1.764000000000000057e+01 1.626999999999999957e+01
3.940000000000000000e+02 5.990999999999999659e+01 4.090999999999999659e+01
3.950000000000000000e+02 1.229099999999999966e+02 1.335999999999999943e+01
3.960000000000000000e+02 8.664000000000000057e+01 3.364000000000000057e+01
3.970000000000000000e+02 1.065499999999999972e+02 3.290999999999999659e+01
3.980000000000000000e+02 1.573000000000000043e+01 1.944999999999999929e+01
3.990000000000000000e+02 9.835999999999999943e+01 2.208999999999999986e+01
4.000000000000000000e+02 1.272699999999999960e+02 2.308999999999999986e+01
4.010000000000000000e+02 2.855000000000000071e+01 2.400000000000000000e+01
4.020000000000000000e+02 2.335999999999999943e+01 3.317999999999999972e+01
4.030000000000000000e+02 1.076400000000000006e+02 5.235999999999999943e+01
4.040000000000000000e+02 9.018000000000000682e+01 4.300000000000000000e+01
4.050000000000000000e+02 2.664000000000000057e+01 2.717999999999999972e+01
4.060000000000000000e+02 9.918000000000000682e+01 2.182000000000000028e+01
4.070000000000000000e+02 8.281999999999999318e+01 3.990999999999999659e+01
4.080000000000000000e+02 5.635999999999999943e+01 1.873000000000000043e+01
4.090000000000000000e+02 1.114500000000000028e+02 5.745000000000000284e+01
4.100000000000000000e+02 1.488199999999999932e+02 3.882000000000000028e+01
4.110000000000000000e+02 8.635999999999999943e+01 2.917999999999999972e+01
4.120000000000000000e+02 1.351800000000000068e+02 3.235999999999999943e+01
4.130000000000000000e+02 1.289099999999999966e+02 4.772999999999999687e+01
4.140000000000000000e+02 8.390999999999999659e+01 2.391000000000000014e+01
4.150000000000000000e+02 1.433600000000000136e+02 3.182000000000000028e+01
4.160000000000000000e+02 5.445000000000000284e+01 1.444999999999999929e+01
4.170000000000000000e+02 4.082000000000000028e+01 4.954999999999999716e+01
4.180000000000000000e+02 3.535999999999999943e+01 5.809000000000000341e+01
4.190000000000000000e+02 3.617999999999999972e+01 4.609000000000000341e+01
4.200000000000000000e+02 4.435999999999999943e+01 2.191000000000000014e+01
4.210000000000000000e+02 1.169099999999999966e+02 1.464000000000000057e+01
4.220000000000000000e+02 1.244999999999999929e+01 5.372999999999999687e+01
4.230000000000000000e+02 1.626999999999999957e+01 5.545000000000000284e+01
4.240000000000000000e+02 1.343600000000000136e+02 5.427000000000000313e+01
4.250000000000000000e+02 6.618000000000000682e+01 1.864000000000000057e+01
4.260000000000000000e+02 5.254999999999999716e+01 4.272999999999999687e+01
4.270000000000000000e+02 1.422700000000000102e+02 2.326999999999999957e+01
4.280000000000000000e+02 1.122699999999999960e+02 4.227000000000000313e+01
4.290000000000000000e+02 1.108999999999999986e+01 3.972999999999999687e+01
4.300000000000000000e+02 4.872999999999999687e+01 3.627000000000000313e+01
4.310000000000000000e+02 1.575500000000000114e+02 1.817999999999999972e+01
4.320000000000000000e+02 1.387299999999999898e+02 5.209000000000000341e+01
4.330000000000000000e+02 1.259099999999999966e+02 5.782000000000000028e+01
4.340000000000000000e+02 1.199099999999999966e+02 4.964000000000000057e+01
4.350000000000000000e+02 1.300000000000000000e+01 1.617999999999999972e+01
4.360000000000000000e+02 5.090999999999999659e+01 1.417999999999999972e+01
4.370000000000000000e+02 9.073000000000000398e+01 1.964000000000000057e+01
4.380000000000000000e+02 1.057300000000000040e+02 4.782000000000000028e+01
4.390000000000000000e+02 1.242699999999999960e+02 1.108999999999999986e+01
4.400000000000000000e+02 1.460900000000000034e+02 2.644999999999999929e+01
4.410000000000000000e+02 7.790999999999999659e+01 2.835999999999999943e+01
4.420000000000000000e+02 1.188199999999999932e+02 3.191000000000000014e+01
4.430000000000000000e+02 1.544999999999999929e+01 4.509000000000000341e+01
4.440000000000000000e+02 1.490900000000000034e+02 4.945000000000000284e+01
4.450000000000000000e+02 5.009000000000000341e+01 5.382000000000000028e+01
4.460000000000000000e+02 1.510000000000000000e+02 2.026999999999999957e+01
4.470000000000000000e+02 1.406399999999999864e+02 5.217999999999999972e+01
4.480000000000000000e+02 1.518199999999999932e+02 1.026999999999999957e+01
4.490000000000000000e+02 6.645000000000000284e+01 5.027000000000000313e+01
4.500000000000000000e+02 5.035999999999999943e+01 5.345000000000000284e+01
4.510000000000000000e+02 3.509000000000000341e+01 5.909000000000000341e+01
4.520000000000000000e+02 9.318000000000000682e+01 3.245000000000000284e+01
4.530000000000000000e+02 1.166400000000000006e+02 5.535999999999999943e+01
4.540000000000000000e+02 9.154999999999999716e+01 3.300000000000000000e+01
4.550000000000000000e+02 4.735999999999999943e+01 4.890999999999999659e+01
4.560000000000000000e+02 1.068199999999999932e+02 1.664000000000000057e+01
4.570000000000000000e+02 6.100000000000000000e+01 3.454999999999999716e+01
4.580000000000000000e+02 2.091000000000000014e+01 2.773000000000000043e+01
4.590000000000000000e+02 3.835999999999999943e+01 5.490999999999999659e+01
4.600000000000000000e+02 1.430900000000000034e+02 1.091000000000000014e+01
4.610000000000000000e+02 1.365500000000000114e+02 4.400000000000000000e+01
4.620000000000000000e+02 1.313600000000000136e+02 5.164000000000000057e+01
4.630000000000000000e+02 1.817999999999999972e+01 3.064000000000000057e+01
4.640000000000000000e+02 1.147300000000000040e+02 3.800000000000000000e+01
4.650000000000000000e+02 1.139099999999999966e+02 3.144999999999999929e+01
4.660000000000000000e+02 1.128199999999999932e+02 1.008999999999999986e+01
4.670000000000000000e+02 7.326999999999999602e+01 1.044999999999999929e+01
4.680000000000000000e+02 6.154999999999999716e+01 4.427000000000000313e+01
4.690000000000000000e+02 1.144500000000000028e+02 4.764000000000000057e+01
4.700000000000000000e+02 5.690999999999999659e+01 5.364000000000000057e+01
4.710000000000000000e+02 8.064000000000000057e+01 1.591000000000000014e+01
4.720000000000000000e+02 1.261800000000000068e+02 3.409000000000000341e+01
4.730000000000000000e+02 2.144999999999999929e+01 3.044999999999999929e+01
4.740000000000000000e+02 9.618000000000000682e+01 2.444999999999999929e+01
4.750000000000000000e+02 3.209000000000000341e+01 4.464000000000000057e+01
4.760000000000000000e+02 1.294499999999999886e+02 5.800000000000000000e+01
4.770000000000000000e+02 8.745000000000000284e+01 2.817999999999999972e+01
4.780000000000000000e+02 1.171800000000000068e+02 1.282000000000000028e+01
4.790000000000000000e+02 1.458199999999999932e+02 3.754999999999999716e+01
4.800000000000000000e+02 2.582000000000000028e+01 2.935999999999999943e+01
4.810000000000000000e+02 1.708999999999999986e+01 4.209000000000000341e+01
4.820000000000000000e+02 1.158199999999999932e+02 1.882000000000000028e+01
4.830000000000000000e+02 1.180000000000000000e+02 2.317999999999999972e+01
4.840000000000000000e+02 4.490999999999999659e+01 4.809000000000000341e+01
4.850000000000000000e+02 1.117300000000000040e+02 2.300000000000000000e+01
4.860000000000000000e+02 6.454999999999999716e+01 3.217999999999999972e+01
4.870000000000000000e+02 1.196400000000000006e+02 3.282000000000000028e+01
4.880000000000000000e+02 1.032699999999999960e+02 5.772999999999999687e+01
4.890000000000000000e+02 3.044999999999999929e+01 4.672999999999999687e+01
4.900000000000000000e+02 2.008999999999999986e+01 4.435999999999999943e+01
4.910000000000000000e+02 1.491000000000000014e+01 3.500000000000000000e+01
4.920000000000000000e+02 1.482700000000000102e+02 5.717999999999999972e+01
4.930000000000000000e+02 4.790999999999999659e+01 5.200000000000000000e+01
4.940000000000000000e+02 1.055000000000000071e+01 3.008999999999999986e+01
4.950000000000000000e+02 1.791000000000000014e+01 1.891000000000000014e+01
4.960000000000000000e+02 1.362700000000000102e+02 3.173000000000000043e+01
4.970000000000000000e+02 1.655000000000000071e+01 3.572999999999999687e+01
4.980000000000000000e+02 1.501800000000000068e+02 4.600000000000000000e+01
4.990000000000000000e+02 7.545000000000000284e+01 2.417999999999999972e+01
5.000000000000000000e+02 5.745000000000000284e+01 5.682000000000000028e+01
5.010000000000000000e+02 1.305500000000000114e+02 2.782000000000000028e+01
5.020000000000000000e+02 1.444499999999999886e+02 5.135999999999999943e+01
5.030000000000000000e+02 1.190900000000000034e+02 2.744999999999999929e+01
5.040000000000000000e+02 1.297299999999999898e+02 1.200000000000000000e+01
5.050000000000000000e+02 1.308199999999999932e+02 5.882000000000000028e+01
5.060000000000000000e+02 1.395500000000000114e+02 5.509000000000000341e+01
5.070000000000000000e+02 9.126999999999999602e+01 2.726999999999999957e+01
5.080000000000000000e+02 2.991000000000000014e+01 4.045000000000000284e+01
5.090000000000000000e+02 9.045000000000000284e+01 1.717999999999999972e+01
5.100000000000000000e+02 1.002699999999999960e+02 2.273000000000000043e+01
5.110000000000000000e+02 1.435999999999999943e+01 1.508999999999999986e+01
5.120000000000000000e+02 2.773000000000000043e+01 5.109000000000000341e+01
5.130000000000000000e+02 6.781999999999999318e+01 3.617999999999999972e+01
5.140000000000000000e+02 4.327000000000000313e+01 4.690999999999999659e+01
5.150000000000000000e+02 3.155000000000000071e+01 4.017999999999999972e+01
5.160000000000000000e+02 7.573000000000000398e+01 2.144999999999999929e+01
5.170000000000000000e+02 1.193599999999999994e+02 5.017999999999999972e+01
5.180000000000000000e+02 3.972999999999999687e+01 5.500000000000000000e+01
5.190000000000000000e+02 1.150000000000000000e+02 3.254999999999999716e+01
5.200000000000000000e+02 2.444999999999999929e+01 2.335999999999999943e+01
5.210000000000000000e+02 8.554999999999999716e+01 5.264000000000000057e+01
5.220000000000000000e+02 8.581999999999999318e+01 5.709000000000000341e+01
5.230000000000000000e+02 5.554999999999999716e+01 2.044999999999999929e+01
5.240000000000000000e+02 1.049099999999999966e+02 2.264000000000000057e+01
5.250000000000000000e+02 6.890999999999999659e+01 5.872999999999999687e+01
5.260000000000000000e+02 2.500000000000000000e+01 3.654999999999999716e+01
5.270000000000000000e+02 8.035999999999999943e+01 4.200000000000000000e+01
5.280000000000000000e+02 4.300000000000000000e+01 5.690999999999999659e+01
5.290000000000000000e+02 4.000000000000000000e+01 1.300000000000000000e+01
5.300000000000000000e+02 4.817999999999999972e+01 2.855000000000000071e+01
5.310000000000000000e+02 1.330000000000000000e+02 2.508999999999999986e+01
5.320000000000000000e+02 1.346399999999999864e+02 1.935999999999999943e+01
5.330000000000000000e+02 1.316399999999999864e+02 3.164000000000000057e+01
5.340000000000000000e+02 1.583600000000000136e+02 1.082000000000000028e+01
5.350000000000000000e+02 5.117999999999999972e+01 5.890999999999999659e+01
5.360000000000000000e+02 8.773000000000000398e+01 3.091000000000000014e+01
5.370000000000000000e+02 6.317999999999999972e+01 1.655000000000000071e+01
5.380000000000000000e+02 4.272999999999999687e+01 2.735999999999999943e+01
5.390000000000000000e+02 3.700000000000000000e+01 3.609000000000000341e+01
5.400000000000000000e+02 2.473000000000000043e+01 2.526999999999999957e+01
5.410000000000000000e+02 7.026999999999999602e+01 2.164000000000000057e+01
5.420000000000000000e+02 6.673000000000000398e+01 3.472999999999999687e+01
5.430000000000000000e+02 3.345000000000000284e+01 3.635999999999999943e+01
5.440000000000000000e+02 1.464000000000000057e+01 1.244999999999999929e+01
5.450000000000000000e+02 3.290999999999999659e+01 3.073000000000000043e+01
5.460000000000000000e+02 1.355000000000000071e+01 3.026999999999999957e+01
5.470000000000000000e+02 1.054500000000000028e+02 5.672999999999999687e+01
5.480000000000000000e+02 1.141800000000000068e+02 2.700000000000000000e+01
5.490000000000000000e+02 1.191000000000000014e+01 2.608999999999999986e+01
5.500000000000000000e+02 3.754999999999999716e+01 3.745000000000000284e+01
5.510000000000000000e+02 2.826999999999999957e+01 5.190999999999999659e+01
5.520000000000000000e+02 8.473000000000000398e+01 4.309000000000000341e+01
5.530000000000000000e+02 2.364000000000000057e+01 5.035999999999999943e+01
5.540000000000000000e+02 1.586399999999999864e+02 1.835999999999999943e+01
5.550000000000000000e+02 1.280900000000000034e+02 4.754999999999999716e+01
5.560000000000000000e+02 1.471800000000000068e+02 4.564000000000000057e+01
5.570000000000000000e+02 9.673000000000000398e+01 1.600000000000000000e+01
5.580000000000000000e+02 4.900000000000000000e+01 2.408999999999999986e+01
5.590000000000000000e+02 4.354999999999999716e+01 2.008999999999999986e+01
