6.358479000000000214e-01
4.037028999999999757e-01
3.881684000000000245e-01
3.700824999999999809e-01
8.031741999999999493e-01
5.037371000000000487e-01
7.627998000000000278e-01
7.982738000000000334e-01
5.306516000000000011e-01
2.588206000000000118e-01
7.345738000000000545e-01
5.477007999999999877e-01
3.467508000000000257e-01
9.214755000000000029e-01
7.796022999999999703e-01
6.807151000000000174e-01
3.320566999999999824e-01
8.885665000000000369e-01
7.844763999999999626e-01
6.499063999999999952e-01
8.836629999999999763e-01
6.086110999999999605e-01
4.627047000000000243e-01
5.206718000000000179e-01
5.870497000000000076e-01
5.419505000000000017e-01
3.124137000000000164e-01
6.353315999999999963e-01
4.804347999999999952e-01
4.973041999999999740e-01
5.063003000000000364e-01
9.027520999999999463e-01
6.978813000000000377e-01
7.948865000000000514e-01
5.099641999999999786e-01
6.311908000000000518e-01
2.752519999999999967e-01
3.234541000000000222e-01
3.116453000000000140e-01
6.590106999999999493e-01
9.502123999999999571e-01
6.723466000000000165e-01
6.507201999999999709e-01
7.638015999999999694e-01
7.610088999999999881e-01
4.402686000000000099e-01
8.015961000000000336e-01
6.435239000000000376e-01
5.453879000000000365e-01
3.200911000000000173e-01
8.609824000000000366e-01
4.031254000000000226e-01
4.277340000000000031e-01
7.120092000000000088e-01
9.612114000000000491e-01
7.910791999999999824e-01
5.218431000000000042e-01
6.890203999999999773e-01
8.170695000000000041e-01
7.953778000000000237e-01
4.548013000000000194e-01
6.400999000000000549e-01
7.553298000000000512e-01
4.311676999999999871e-01
6.314039999999999653e-01
7.066578999999999500e-01
4.435371000000000175e-01
8.093936000000000464e-01
3.995062999999999809e-01
7.372674999999999645e-01
4.144445999999999963e-01
8.584228999999999887e-01
5.545432000000000139e-01
5.079810999999999632e-01
9.216191000000000244e-01
5.355925000000000269e-01
4.472762000000000127e-01
8.713347999999999649e-01
8.304717000000000349e-01
8.914463000000000248e-01
7.620607999999999826e-01
6.725657999999999914e-01
5.352447999999999650e-01
8.534511000000000180e-01
9.480874999999999719e-01
5.201386999999999539e-01
9.010070999999999497e-01
5.332565000000000222e-01
7.488860999999999990e-01
7.543841999999999492e-01
6.205956999999999724e-01
5.780608999999999886e-01
5.442228999999999539e-01
7.944970999999999561e-01
6.570648000000000044e-01
5.672028999999999543e-01
5.565989999999999549e-01
9.230186000000000224e-01
8.820249999999999480e-01
8.995910000000000295e-01
9.398157999999999790e-01
5.618212000000000206e-01
6.915888000000000035e-01
7.375528000000000084e-01
5.833300999999999625e-01
9.069715000000000416e-01
7.013857000000000008e-01
7.029322999999999544e-01
8.444971999999999479e-01
7.595304000000000499e-01
8.657753999999999728e-01
5.674384000000000094e-01
5.738322000000000145e-01
8.329079000000000343e-01
6.377779999999999561e-01
8.827314000000000549e-01
5.862610999999999795e-01
6.072016000000000080e-01
8.483150000000000412e-01
8.338377000000000150e-01
6.657298999999999856e-01
9.232850000000000223e-01
8.187088999999999617e-01
9.564424999999999732e-01
8.644908999999999510e-01
8.237349000000000476e-01
9.125064999999999982e-01
6.966714000000000517e-01
8.876969000000000110e-01
9.273055000000000048e-01
8.523146000000000333e-01
7.040108999999999950e-01
7.983088999999999880e-01
9.428366999999999720e-01
8.383800000000000141e-01
9.303185000000000482e-01
7.135989999999999833e-01
7.053101000000000509e-01
8.086345999999999812e-01
6.423394999999999522e-01
8.154447000000000223e-01
8.678388999999999687e-01
9.213936999999999822e-01
7.834858000000000100e-01
7.160849999999999715e-01
8.468944000000000472e-01
9.317368999999999790e-01
8.633610999999999924e-01
6.891137999999999986e-01
9.134415999999999647e-01
6.621774000000000271e-01
7.953289999999999527e-01
7.324142999999999626e-01
7.057240000000000180e-01
7.835531000000000024e-01
7.010393000000000319e-01
7.892531999999999881e-01
8.078650000000000553e-01
8.593361999999999945e-01
9.065497000000000138e-01
7.037063999999999542e-01
6.704339000000000270e-01
9.023573999999999762e-01
8.838639000000000356e-01
8.301916000000000295e-01
7.891918999999999462e-01
7.430008999999999642e-01
9.717286000000000534e-01
8.678314999999999779e-01
6.865134999999999987e-01
7.494887999999999550e-01
9.444567999999999852e-01
8.978380999999999723e-01
8.565555999999999726e-01
8.777253999999999889e-01
9.351445000000000451e-01
8.433969999999999523e-01
8.336227000000000498e-01
8.547382999999999509e-01
7.708298999999999568e-01
7.391526000000000485e-01
8.857139000000000539e-01
7.980450000000000044e-01
9.405358999999999803e-01
8.163555000000000117e-01
8.683714000000000155e-01
9.423063999999999885e-01
8.997359000000000329e-01
8.311830000000000052e-01
7.780683000000000460e-01
8.035134000000000443e-01
7.940597000000000349e-01
8.325447000000000264e-01
9.198809999999999487e-01
7.322290999999999661e-01
7.950789000000000328e-01
9.771227999999999581e-01
8.011629000000000111e-01
9.281920000000000170e-01
8.510841000000000101e-01
8.969523999999999830e-01
8.261397999999999797e-01
8.090916999999999693e-01
7.895535000000000192e-01
8.507905999999999525e-01
8.617588999999999944e-01
9.579697000000000351e-01
8.702237000000000444e-01
9.144510000000000138e-01
8.720936000000000243e-01
9.538372000000000517e-01
8.503910000000000080e-01
9.207471000000000405e-01
8.401089000000000473e-01
9.095754999999999812e-01
8.570758000000000543e-01
9.076402999999999555e-01
9.667852000000000112e-01
7.756920000000000481e-01
8.889622999999999831e-01
9.748957000000000317e-01
7.799635999999999791e-01
8.105763000000000273e-01
9.564485000000000348e-01
7.674689999999999568e-01
9.707542000000000115e-01
7.609618000000000215e-01
8.650069000000000230e-01
8.648652999999999480e-01
8.521532000000000551e-01
9.731646000000000463e-01
8.035084000000000115e-01
8.458997000000000321e-01
9.505778000000000283e-01
9.316862999999999673e-01
9.655011999999999484e-01
9.455654999999999477e-01
9.052253000000000105e-01
8.976140999999999703e-01
9.121979000000000060e-01
8.507533000000000456e-01
8.976037000000000043e-01
9.578826999999999758e-01
8.197636999999999841e-01
9.092850999999999573e-01
9.689446000000000447e-01
9.470857999999999777e-01
8.636314000000000490e-01
9.072888000000000064e-01
9.469108000000000525e-01
8.879778000000000393e-01
9.851185000000000080e-01
9.700261999999999496e-01
8.061869000000000396e-01
9.268642999999999743e-01
8.086902000000000257e-01
9.146511999999999976e-01
8.135170000000000456e-01
7.937585999999999808e-01
8.212378000000000178e-01
7.882259999999999822e-01
9.023832000000000519e-01
8.061418000000000195e-01
9.253432000000000324e-01
9.662494999999999834e-01
8.419630000000000170e-01
9.159642000000000062e-01
9.148283999999999860e-01
8.370982999999999619e-01
8.964218000000000464e-01
8.187250000000000361e-01
9.627558000000000504e-01
9.505149000000000514e-01
8.086645999999999557e-01
8.152700999999999976e-01
8.272494999999999710e-01
8.591868000000000283e-01
8.273863000000000190e-01
9.258334999999999759e-01
8.756384000000000389e-01
9.810742000000000074e-01
9.875633999999999801e-01
8.112224999999999575e-01
8.393960999999999784e-01
8.970820999999999934e-01
9.031111000000000555e-01
9.333508999999999833e-01
8.358569000000000138e-01
9.078199999999999603e-01
9.087218999999999713e-01
8.460033999999999610e-01
9.863041000000000169e-01
8.738702999999999887e-01
8.683081999999999745e-01
8.696152999999999800e-01
8.754167000000000476e-01
9.530290999999999624e-01
8.774948000000000192e-01
9.423918000000000017e-01
8.568936999999999804e-01
9.105119000000000407e-01
8.828692999999999680e-01
8.863187999999999622e-01
8.528647999999999785e-01
8.876188000000000411e-01
8.750902999999999876e-01
9.126157000000000297e-01
9.533565999999999985e-01
8.637597999999999665e-01
8.671560999999999853e-01
9.305913000000000102e-01
9.143925999999999998e-01
8.664034000000000457e-01
8.345797000000000354e-01
8.294426000000000299e-01
8.732360000000000122e-01
8.411973000000000367e-01
9.254630999999999830e-01
8.792691999999999730e-01
8.553733999999999504e-01
9.006574000000000524e-01
9.125782000000000060e-01
9.143348000000000031e-01
8.784794999999999687e-01
9.800685999999999565e-01
9.717580000000000107e-01
9.865732000000000390e-01
9.787508000000000319e-01
8.516108999999999485e-01
8.627768999999999577e-01
9.089949000000000501e-01
8.691233999999999904e-01
9.207024000000000319e-01
9.422401999999999722e-01
9.863024999999999709e-01
8.433165000000000244e-01
9.775947000000000386e-01
9.354196999999999651e-01
9.120312999999999892e-01
9.237058000000000213e-01
8.899164000000000518e-01
8.438282000000000282e-01
9.902902999999999567e-01
9.559056000000000219e-01
9.552481000000000444e-01
9.294048999999999783e-01
9.773195000000000077e-01
8.801799000000000150e-01
8.455597999999999725e-01
9.585673999999999584e-01
8.481391000000000346e-01
9.128945000000000531e-01
8.634211000000000524e-01
8.797867000000000326e-01
8.919873999999999858e-01
9.571410000000000196e-01
9.833830000000000071e-01
9.419617000000000129e-01
8.809852000000000238e-01
9.167442000000000091e-01
8.975096999999999658e-01
9.854794999999999527e-01
9.062284000000000450e-01
8.784954000000000374e-01
9.731522999999999701e-01
9.783013000000000403e-01
8.982210000000000472e-01
9.150939000000000156e-01
9.753439999999999888e-01
9.070696999999999788e-01
9.227300000000000502e-01
9.478368999999999822e-01
8.965340000000000531e-01
8.619466000000000072e-01
9.205731999999999804e-01
8.753435999999999995e-01
8.816342999999999819e-01
9.235202000000000133e-01
8.689232999999999540e-01
9.505668999999999924e-01
9.632359999999999811e-01
9.681821000000000454e-01
9.676548000000000371e-01
9.604160999999999948e-01
8.951014999999999944e-01
9.894085999999999714e-01
9.860122000000000053e-01
8.802434999999999565e-01
9.417202999999999546e-01
9.539212999999999720e-01
8.744304999999999994e-01
9.013364000000000376e-01
9.908303000000000527e-01
9.576468000000000202e-01
8.628662999999999750e-01
8.793705000000000549e-01
8.909603000000000383e-01
8.966463000000000072e-01
9.893336000000000352e-01
9.564637000000000278e-01
9.225759000000000043e-01
9.097619999999999596e-01
8.942461999999999911e-01
8.760236000000000134e-01
9.343061000000000282e-01
8.996058000000000110e-01
9.874775000000000080e-01
8.744013999999999953e-01
9.582270999999999983e-01
8.737297000000000535e-01
8.825146999999999853e-01
8.741826000000000318e-01
9.451239999999999641e-01
9.584941000000000155e-01
9.712055000000000549e-01
9.234818999999999667e-01
9.041533000000000486e-01
9.251110000000000166e-01
9.616457999999999950e-01
9.131156000000000272e-01
9.506065999999999683e-01
9.834098999999999480e-01
9.691745000000000498e-01
8.846667999999999754e-01
8.903697000000000417e-01
8.945868999999999627e-01
9.858365999999999518e-01
9.087988000000000177e-01
9.094573000000000240e-01
9.106222000000000483e-01
9.420665999999999762e-01
9.514983000000000191e-01
9.100203999999999516e-01
9.555158000000000262e-01
9.368724000000000496e-01
9.013398999999999717e-01
9.835414999999999575e-01
9.252293000000000323e-01
9.753152999999999961e-01
9.000316999999999901e-01
9.325687999999999755e-01
9.100631999999999611e-01
8.878437999999999608e-01
9.804091000000000333e-01
9.873127999999999904e-01
9.117330999999999630e-01
9.103128000000000331e-01
9.662112999999999952e-01
9.155693000000000303e-01
9.514523000000000286e-01
9.102255000000000207e-01
9.226045999999999969e-01
9.773650000000000393e-01
9.853030000000000399e-01
9.892775000000000318e-01
8.895764000000000449e-01
9.647430999999999646e-01
9.926160000000000538e-01
9.870999000000000301e-01
8.997870000000000035e-01
9.881777000000000477e-01
8.895986000000000171e-01
9.450241000000000335e-01
9.581802000000000374e-01
9.047336999999999740e-01
8.949878000000000000e-01
9.135524999999999896e-01
9.062624000000000235e-01
9.057058999999999527e-01
8.993904000000000343e-01
9.345018999999999965e-01
9.787164000000000419e-01
9.352517999999999665e-01
9.285238999999999576e-01
9.901575000000000237e-01
9.804464999999999986e-01
9.519779999999999909e-01
9.696394999999999875e-01
9.778864000000000445e-01
9.469608999999999943e-01
9.161865000000000148e-01
9.723509999999999653e-01
9.196936000000000000e-01
9.831807999999999659e-01
9.406138000000000554e-01
9.405721999999999694e-01
9.617250000000000520e-01
9.276763000000000092e-01
9.528073000000000237e-01
9.829854000000000092e-01
9.450423999999999491e-01
9.707814999999999639e-01
9.728818000000000188e-01
9.674047999999999536e-01
9.099323000000000272e-01
9.088270999999999988e-01
9.110964000000000285e-01
8.936334999999999695e-01
9.657696000000000058e-01
9.413266000000000133e-01
9.579689999999999594e-01
9.716439000000000048e-01
9.755129999999999635e-01
9.837814000000000281e-01
9.536014999999999908e-01
9.560077000000000158e-01
9.781121999999999872e-01
9.906943999999999750e-01
9.785133999999999777e-01
9.914884999999999948e-01
9.311222999999999583e-01
9.255503999999999953e-01
9.926059999999999883e-01
9.757430999999999743e-01
9.818390999999999647e-01
9.453586000000000489e-01
9.848985999999999574e-01
8.977271000000000001e-01
9.179912000000000072e-01
9.057144999999999779e-01
9.384755000000000180e-01
9.690045000000000464e-01
9.724631999999999721e-01
